    502
      9
      9
      9
      9
      9
     10
     10
     10
     10
     10
     10
     10
     10
     10
     10
     10
     11
     11
     11
     11
     11
     11
     11
     11
     11
     11
     11
     12
     12
     12
     12
     12
     12
     12
     12
     12
     12
     13
     13
     13
     13
     13
     13
     13
     13
     13
     13
     14
     14
     14
     14
     14
     14
     14
     14
     14
     15
     15
     15
     15
     15
     15
     15
     15
     15
     16
     16
     16
     16
     16
     16
     16
     16
     17
     17
     17
     17
     17
     17
     17
     17
     18
     18
     18
     18
     18
     18
     18
     18
     19
     19
     19
     19
     19
     19
     19
     20
     20
     20
     20
     20
     20
     20
     21
     21
     21
     21
     21
     21
     21
     22
     22
     22
     22
     22
     22
     22
     23
     23
     23
     23
     23
     23
     24
     24
     24
     24
     24
     24
     25
     25
     25
     25
     25
     25
     26
     26
     26
     26
     26
     26
     27
     27
     27
     27
     27
     27
     28
     28
     28
     28
     28
     28
     29
     29
     29
     29
     29
     30
     30
     30
     30
     30
     31
     31
     31
     31
     31
     31
     32
     32
     32
     32
     32
     33
     33
     33
     33
     33
     34
     34
     34
     34
     34
     35
     35
     35
     35
     36
     36
     36
     36
     36
     37
     37
     37
     37
     38
     38
     38
     38
     38
     39
     39
     39
     39
     40
     40
     40
     40
     40
     41
     41
     41
     41
     42
     42
     42
     42
     43
     43
     43
     43
     44
     44
     44
     44
     45
     45
     45
     45
     46
     46
     46
     46
     47
     47
     47
     47
     48
     48
     48
     48
     49
     49
     49
     50
     50
     50
     50
     51
     51
     51
     51
     52
     52
     52
     53
     53
     53
     53
     54
     54
     54
     55
     55
     55
     56
     56
     56
     56
     57
     57
     57
     58
     58
     58
     59
     59
     59
     59
     60
     60
     60
     61
     61
     61
     62
     62
     62
     63
     63
     63
     64
     64
     64
     65
     65
     65
     66
     66
     66
     67
     67
     67
     68
     68
     68
     69
     69
     69
     70
     70
     70
     71
     71
     72
     72
     72
     73
     73
     73
     74
     74
     74
     75
     75
     76
     76
     76
     77
     77
     77
     78
     78
     79
     79
     79
     80
     80
     81
     81
     81
     82
     82
     83
     83
     83
     84
     84
     85
     85
     85
     86
     86
     87
     87
     87
     88
     88
     89
     89
     90
     90
     90
     91
     91
     92
     92
     93
     93
     93
     94
     94
     95
     95
     96
     96
     97
     97
     97
     98
     98
     99
     99
    100
    100
    101
    101
    102
    102
    103
    103
    104
    104
    104
    105
    105
    106
    106
    107
    107
    108
    108
    109
    109
    110
    110
    111
    111
    112
    112
    113
    113
    114
    114
    115
    115
    116
    116
    117
    118
    118
    119
    119
    120
    120
    121
    121
    122
    122
    123
    123
    124
    124
    125
    126
    126
    127
    127
    128
    128
    129
    129
    130
    131
    131
    132
    132
    133
    134
    134
    135
    135
    136
    136
    137
    138
    138
    139
    139
    140
    141
    141
    142
    142
    143
    144
    144
    145
    145
    146
    147
    147
    148
    149
    149
    150
    150
    151
    152
    152
    153
    154
    154
    155
    156
    156
    157
    158
    158
    159
    160
    160
    161
    162
    162
    163
    164
    164
    165
    166
    166
    167
    168
    168
    169
    170
    170
    171
    172
    173
    173
    174
    175
    175
    176
    177
    178
    178
    179
    180
    180
    181
    182
    183
    183
    184
    185
    186
    186
    187
    188
    189
    189
    190
    191
    192
    192
    193
    194
    195
    196
    196
    197
    198
    199
    199
    200
    201
    202
    203
    203
    204
    205
    206
    207
    208
    208
    209
    210
    211
    212
    212
    213
    214
    215
    216
    217
    217
    218
    219
    220
    221
    222
    223
    223
    224
    225
    226
    227
    228
    229
    230
    230
    231
    232
    233
    234
    235
    236
    237
    238
    238
    239
    240
    241
    242
    243
    244
    245
    246
    247
    248
    249
    250
    251
    251
    252
    253
    254
    255
    256
    257
    258
    259
    260
    261
    262
    263
    264
    265
    266
    267
    268
    269
    270
    271
    272
    273
    274
    275
    276
    277
    278
    279
    280
    281
    282
    283
    284
    285
    286
    287
    288
    289
    290
    292
    293
    294
    295
    296
    297
    298
    299
    300
    301
    302
    303
    304
    306
    307
    308
    309
    310
    311
    312
    313
    314
    316
    317
    318
    319
    320
    321
    322
    324
    325
    326
    327
    328
    329
    331
    332
    333
    334
    335
    336
    338
    339
    340
    341
    342
    344
    345
    346
    347
    348
    350
    351
    352
    353
    355
    356
    357
    358
    360
    361
    362
    363
    365
    366
    367
    368
    370
    371
    372
    373
    375
    376
    377
    379
    380
    381
    383
    384
    385
    386
    388
    389
    390
    392
    393
    394
    396
    397
    398
    400
    401
    403
    404
    405
    407
    408
    409
    411
    412
    414
    415
    416
    418
    419
    421
    422
    423
    425
    426
    428
    429
    431
    432
    433
    435
    436
    438
    439
    441
    442
    444
    445
    447
    448
    450
    451
    452
    454
    455
    457
    458
    460
    462
    463
    465
    466
    468
    469
    471
    472
    474
    475
    477
    478
    480
    482
    483
    485
    486
    488
    489
    491
    493
    494
    496
    497
    499
    501
    502
    504
    505
    507
    509
    510
    512
    514
    515
    517
    519
    520
    522
    524
    525
    527
    529
    530
    532
    534
    535
    537
    539
    541
    542
    544
    546
    547
    549
    551
    553
    554
    556
    558
    560
    561
    563
    565
    567
    568
    570
    572
    574
    576
    577
    579
    581
    583
    585
    586
    588
    590
    592
    594
    596
    597
    599
    601
    603
    605
    607
    609
    611
    612
    614
    616
    618
    620
    622
    624
    626
    628
    630
    632
    633
    635
    637
    639
    641
    643
    645
    647
    649
    651
    653
    655
    657
    659
    661
    663
    665
    667
    669
    671
    673
    675
    677
    679
    681
    683
    685
    687
    689
    692
    694
    696
    698
    700
    702
    704
    706
    708
    710
    712
    715
    717
    719
    721
    723
    725
    727
    730
    732
    734
    736
    738
    740
    743
    745
    747
    749
    751
    754
    756
    758
    760
    762
    765
    767
    769
    771
    774
    776
    778
    781
    783
    785
    787
    790
    792
    794
    797
    799
    801
    803
    806
    808
    810
    813
    815
    818
    820
    822
    825
    827
    829
    832
    834
    837
    839
    841
    844
    846
    849
    851
    853
    856
    858
    861
    863
    866
    868
    871
    873
    876
    878
    881
    883
    886
    888
    891
    893
    896
    898
    901
    903
    906
    908
    911
    913
    916
    919
    921
    924
    926
    929
    931
    934
    937
    939
    942
    945
    947
    950
    952
    955
    958
    960
    963
    966
    968
    971
    974
    977
    979
    982
    985
    987
    990
    993
    996
    998
   1001
   1004
   1007
   1009
   1012
   1015
   1018
   1020
   1023
   1026
   1029
   1032
   1034
   1037
   1040
   1043
   1046
   1049
   1051
   1054
   1057
   1060
   1063
   1066
   1069
   1072
   1075
   1077
   1080
   1083
   1086
   1089
   1092
   1095
   1098
   1101
   1104
   1107
   1110
   1113
   1116
   1119
   1122
   1125
   1128
   1131
   1134
   1137
   1140
   1143
   1146
   1149
   1152
   1155
   1158
   1161
   1164
   1167
   1170
   1174
   1177
   1180
   1183
   1186
   1189
   1192
   1195
   1199
   1202
   1205
   1208
   1211
   1214
   1218
   1221
   1224
   1227
   1230
   1234
   1237
   1240
   1243
   1247
   1250
   1253
   1256
   1260
   1263
   1266
   1269
   1273
   1276
   1279
   1283
   1286
   1289
   1293
   1296
   1299
   1303
   1306
   1309
   1313
   1316
   1320
   1323
   1326
   1330
   1333
   1337
   1340
   1343
   1347
   1350
   1354
   1357
   1361
   1364
   1368
   1371
   1375
   1378
   1382
   1385
   1389
   1392
   1396
   1399
   1403
   1406
   1410
   1414
   1417
   1421
   1424
   1428
   1431
   1435
   1439
   1442
   1446
   1450
   1453
   1457
   1461
   1464
   1468
   1472
   1475
   1479
   1483
   1486
   1490
   1494
   1497
   1501
   1505
   1509
   1512
   1516
   1520
   1524
   1527
   1531
   1535
   1539
   1543
   1547
   1550
   1554
   1558
   1562
   1566
   1570
   1573
   1577
   1581
   1585
   1589
   1593
   1597
   1601
   1605
   1609
   1612
   1616
   1620
   1624
   1628
   1632
   1636
   1640
   1644
   1648
   1652
   1656
   1660
   1664
   1668
   1672
   1676
   1680
   1685
   1689
   1693
   1697
   1701
   1705
   1709
   1713
   1717
   1721
   1726
   1730
   1734
   1738
   1742
   1746
   1751
   1755
   1759
   1763
   1767
   1772
   1776
   1780
   1784
   1789
   1793
   1797
   1801
   1806
   1810
   1814
   1819
   1823
   1827
   1832
   1836
   1840
   1845
   1849
   1853
   1858
   1862
   1866
   1871
   1875
   1880
   1884
   1889
   1893
   1897
   1902
   1906
   1911
   1915
   1920
   1924
   1929
   1933
   1938
   1942
   1947
   1951
   1956
   1960
   1965
   1970
   1974
   1979
   1983
   1988
   1992
   1997
   2002
   2006
   2011
   2016
   2020
   2025
   2030
   2034
   2039
   2044
   2048
   2053
   2058
   2062
   2067
   2072
   2077
   2081
   2086
   2091
   2096
   2101
   2105
   2110
   2115
   2120
   2125
   2129
   2134
   2139
   2144
   2149
   2154
   2159
   2164
   2168
   2173
   2178
   2183
   2188
   2193
   2198
   2203
   2208
   2213
   2218
   2223
   2228
   2233
   2238
   2243
   2248
   2253
   2258
   2263
   2268
   2273
   2278
   2283
   2289
   2294
   2299
   2304
   2309
   2314
   2319
   2324
   2330
   2335
   2340
   2345
   2350
   2356
   2361
   2366
   2371
   2376
   2382
   2387
   2392
   2397
   2403
   2408
   2413
   2419
   2424
   2429
   2435
   2440
   2445
   2451
   2456
   2461
   2467
   2472
   2478
   2483
   2488
   2494
   2499
   2505
   2510
   2516
   2521
   2527
   2532
   2538
   2543
   2549
   2554
   2560
   2565
   2571
   2576
   2582
   2587
   2593
   2599
   2604
   2610
   2615
   2621
   2627
   2632
   2638
   2644
   2649
   2655
   2661
   2666
   2672
   2678
   2683
   2689
   2695
   2701
   2706
   2712
   2718
   2724
   2730
   2735
   2741
   2747
   2753
   2759
   2764
   2770
   2776
   2782
   2788
   2794
   2800
   2806
   2812
   2817
   2823
   2829
   2835
   2841
   2847
   2853
   2859
   2865
   2871
   2877
   2883
   2889
   2895
   2901
   2907
   2913
   2920
   2926
   2932
   2938
   2944
   2950
   2956
   2962
   2968
   2975
   2981
   2987
   2993
   2999
   3006
   3012
   3018
   3024
   3030
   3037
   3043
   3049
   3056
   3062
   3068
   3074
   3081
   3087
   3093
   3100
   3106
   3112
   3119
   3125
   3132
   3138
   3144
   3151
   3157
   3164
   3170
   3177
   3183
   3189
   3196
   3202
   3209
   3215
   3222
   3228
   3235
   3242
   3248
   3255
   3261
   3268
   3274
   3281
   3288
   3294
   3301
   3307
   3314
   3321
   3327
   3334
   3341
   3347
   3354
   3361
   3368
   3374
   3381
   3388
   3395
   3401
   3408
   3415
   3422
   3429
   3435
   3442
   3449
   3456
   3463
   3470
   3476
   3483
   3490
   3497
   3504
   3511
   3518
   3525
   3532
   3539
   3546
   3553
   3560
   3567
   3574
   3581
   3588
   3595
   3602
   3609
   3616
   3623
   3630
   3637
   3644
   3651
   3659
   3666
   3673
   3680
   3687
   3694
   3701
   3709
   3716
   3723
   3730
   3737
   3745
   3752
   3759
   3766
   3774
   3781
   3788
   3796
   3803
   3810
   3818
   3825
   3832
   3840
   3847
   3854
   3862
   3869
   3877
   3884
   3892
   3899
   3906
   3914
   3921
   3929
   3936
   3944
   3951
   3959
   3966
   3974
   3981
   3989
   3997
   4004
   4012
   4019
   4027
   4035
   4042
   4050
   4058
   4065
   4073
   4081
   4088
   4096
   4104
   4111
   4119
   4127
   4135
   4142
   4150
   4158
   4166
   4173
   4181
   4189
   4197
   4205
   4213
   4220
   4228
   4236
   4244
   4252
   4260
   4268
   4276
   4284
   4292
   4300
   4307
   4315
   4323
   4331
   4339
   4347
   4355
   4364
   4372
   4380
   4388
   4396
   4404
   4412
   4420
   4428
   4436
   4444
   4453
   4461
   4469
   4477
   4485
   4493
   4502
   4510
   4518
   4526
   4535
   4543
   4551
   4559
   4568
   4576
   4584
   4593
   4601
   4609
   4618
   4626
   4634
   4643
   4651
   4659
   4668
   4676
   4685
   4693
   4702
   4710
   4719
   4727
   4736
   4744
   4753
   4761
   4770
   4778
   4787
   4795
   4804
   4812
   4821
   4830
   4838
   4847
   4855
   4864
   4873
   4881
   4890
   4899
   4907
   4916
   4925
   4934
   4942
   4951
   4960
   4969
   4977
   4986
   4995
   5004
   5013
   5021
   5030
   5039
   5048
   5057
   5066
   5075
   5083
   5092
   5101
   5110
   5119
   5128
   5137
   5146
   5155
   5164
   5173
   5182
   5191
   5200
   5209
   5218
   5227
   5236
   5245
   5254
   5264
   5273
   5282
   5291
   5300
   5309
   5318
   5328
   5337
   5346
   5355
   5364
   5374
   5383
   5392
   5401
   5411
   5420
   5429
   5438
   5448
   5457
   5466
   5476
   5485
   5494
   5504
   5513
   5523
   5532
   5541
   5551
   5560
   5570
   5579
   5589
   5598
   5608
   5617
   5627
   5636
   5646
   5655
   5665
   5674
   5684
   5693
   5703
   5713
   5722
   5732
   5741
   5751
   5761
   5770
   5780
   5790
   5799
   5809
   5819
   5828
   5838
   5848
   5858
   5867
   5877
   5887
   5897
   5907
   5916
   5926
   5936
   5946
   5956
   5966
   5976
   5985
   5995
   6005
   6015
   6025
   6035
   6045
   6055
   6065
   6075
   6085
   6095
   6105
   6115
   6125
   6135
   6145
   6155
   6165
   6175
   6185
   6195
   6205
   6216
   6226
   6236
   6246
   6256
   6266
   6277
   6287
   6297
   6307
   6317
   6328
   6338
   6348
   6358
   6369
   6379
   6389
   6400
   6410
   6420
   6431
   6441
   6451
   6462
   6472
   6482
   6493
   6503
   6514
   6524
   6535
   6545
   6555
   6566
   6576
   6587
   6597
   6608
   6618
   6629
   6640
   6650
   6661
   6671
   6682
   6692
   6703
   6714
   6724
   6735
   6746
   6756
   6767
   6778
   6788
   6799
   6810
   6820
   6831
   6842
   6853
   6863
   6874
   6885
   6896
   6907
   6917
   6928
   6939
   6950
   6961
   6972
   6982
   6993
   7004
   7015
   7026
   7037
   7048
   7059
   7070
   7081
   7092
   7103
   7114
   7125
   7136
   7147
   7158
   7169
   7180
   7191
   7202
   7213
   7224
   7235
   7247
   7258
   7269
   7280
   7291
   7302
   7313
   7325
   7336
   7347
   7358
   7370
   7381
   7392
   7403
   7415
   7426
   7437
   7448
   7460
   7471
   7482
   7494
   7505
   7516
   7528
   7539
   7551
   7562
   7573
   7585
   7596
   7608
   7619
   7631
   7642
   7654
   7665
   7677
   7688
   7700
   7711
   7723
   7734
   7746
   7757
   7769
   7781
   7792
   7804
   7815
   7827
   7839
   7850
   7862
   7874
   7885
   7897
   7909
   7921
   7932
   7944
   7956
   7968
   7979
   7991
   8003
   8015
   8026
   8038
   8050
   8062
   8074
   8086
   8098
   8109
   8121
   8133
   8145
   8157
   8169
   8181
   8193
   8205
   8217
   8229
   8241
   8253
   8265
   8277
   8289
   8301
   8313
   8325
   8337
   8349
   8361
   8373
   8385
   8397
   8410
   8422
   8434
   8446
   8458
   8470
   8482
   8495
   8507
   8519
   8531
   8544
   8556
   8568
   8580
   8593
   8605
   8617
   8629
   8642
   8654
   8666
   8679
   8691
   8703
   8716
   8728
   8741
   8753
   8765
   8778
   8790
   8803
   8815
   8828
   8840
   8853
   8865
   8877
   8890
   8903
   8915
   8928
   8940
   8953
   8965
   8978
   8990
   9003
   9016
   9028
   9041
   9053
   9066
   9079
   9091
   9104
   9117
   9129
   9142
   9155
   9167
   9180
   9193
   9206
   9218
   9231
   9244
   9257
   9270
   9282
   9295
   9308
   9321
   9334
   9346
   9359
   9372
   9385
   9398
   9411
   9424
   9437
   9450
   9463
   9475
   9488
   9501
   9514
   9527
   9540
   9553
   9566
   9579
   9592
   9605
   9618
   9631
   9645
   9658
   9671
   9684
   9697
   9710
   9723
   9736
   9749
   9762
   9776
   9789
   9802
   9815
   9828
   9842
   9855
   9868
   9881
   9894
   9908
   9921
   9934
   9947
   9961
   9974
   9987
  10001
  10014
  10027
  10041
  10054
  10067
  10081
  10094
  10107
  10121
  10134
  10148
  10161
  10174
  10188
  10201
  10215
  10228
  10242
  10255
  10269
  10282
  10296
  10309
  10323
  10336
  10350
  10363
  10377
  10390
  10404
  10418
  10431
  10445
  10458
  10472
  10486
  10499
  10513
  10527
  10540
  10554
  10568
  10581
  10595
  10609
  10622
  10636
  10650
  10664
  10677
  10691
  10705
  10719
  10732
  10746
  10760
  10774
  10788
  10801
  10815
  10829
  10843
  10857
  10871
  10885
  10898
  10912
  10926
  10940
  10954
  10968
  10982
  10996
  11010
  11024
  11038
  11052
  11066
  11080
  11094
  11108
  11122
  11136
  11150
  11164
  11178
  11192
  11206
  11220
  11234
  11248
  11262
  11276
  11291
  11305
  11319
  11333
  11347
  11361
  11375
  11390
  11404
  11418
  11432
  11446
  11461
  11475
  11489
  11503
  11518
  11532
  11546
  11560
  11575
  11589
  11603
  11617
  11632
  11646
  11660
  11675
  11689
  11703
  11718
  11732
  11747
  11761
  11775
  11790
  11804
  11819
  11833
  11847
  11862
  11876
  11891
  11905
  11920
  11934
  11949
  11963
  11978
  11992
  12007
  12021
  12036
  12050
  12065
  12079
  12094
  12108
  12123
  12138
  12152
  12167
  12181
  12196
  12211
  12225
  12240
  12255
  12269
  12284
  12298
  12313
  12328
  12343
  12357
  12372
  12387
  12401
  12416
  12431
  12446
  12460
  12475
  12490
  12505
  12519
  12534
  12549
  12564
  12578
  12593
  12608
  12623
  12638
  12653
  12667
  12682
  12697
  12712
  12727
  12742
  12757
  12772
  12786
  12801
  12816
  12831
  12846
  12861
  12876
  12891
  12906
  12921
  12936
  12951
  12966
  12981
  12996
  13011
  13026
  13041
  13056
  13071
  13086
  13101
  13116
  13131
  13146
  13161
  13176
  13191
  13206
  13222
  13237
  13252
  13267
  13282
  13297
  13312
  13327
  13343
  13358
  13373
  13388
  13403
  13418
  13434
  13449
  13464
  13479
  13494
  13510
  13525
  13540
  13555
  13571
  13586
  13601
  13616
  13632
  13647
  13662
  13677
  13693
  13708
  13723
  13739
  13754
  13769
  13785
  13800
  13815
  13831
  13846
  13861
  13877
  13892
  13908
  13923
  13938
  13954
  13969
  13984
  14000
  14015
  14031
  14046
  14062
  14077
  14093
  14108
  14123
  14139
  14154
  14170
  14185
  14201
  14216
  14232
  14247
  14263
  14278
  14294
  14309
  14325
  14341
  14356
  14372
  14387
  14403
  14418
  14434
  14449
  14465
  14481
  14496
  14512
  14527
  14543
  14559
  14574
  14590
  14606
  14621
  14637
  14652
  14668
  14684
  14699
  14715
  14731
  14746
  14762
  14778
  14794
  14809
  14825
  14841
  14856
  14872
  14888
  14904
  14919
  14935
  14951
  14967
  14982
  14998
  15014
  15030
  15045
  15061
  15077
  15093
  15109
  15124
  15140
  15156
  15172
  15188
  15203
  15219
  15235
  15251
  15267
  15283
  15298
  15314
  15330
  15346
  15362
  15378
  15394
  15409
  15425
  15441
  15457
  15473
  15489
  15505
  15521
  15537
  15553
  15569
  15584
  15600
  15616
  15632
  15648
  15664
  15680
  15696
  15712
  15728
  15744
  15760
  15776
  15792
  15808
  15824
  15840
  15856
  15872
  15888
  15904
  15920
  15936
  15952
  15968
  15984
  16000
  16016
  16032
  16048
  16064
  16080
  16096
  16112
  16129
  16145
  16161
  16177
  16193
  16209
  16225
  16241
  16257
  16273
  16289
  16305
  16322
  16338
  16354
  16370
  16386
  16402
  16418
  16434
  16451
  16467
  16483
  16499
  16515
  16531
  16547
  16564
  16580
  16596
  16612
  16628
  16644
  16661
  16677
  16693
  16709
  16725
  16742
  16758
  16774
  16790
  16806
  16823
  16839
  16855
  16871
  16887
  16904
  16920
  16936
  16952
  16969
  16985
  17001
  17017
  17033
  17050
  17066
  17082
  17098
  17115
  17131
  17147
  17164
  17180
  17196
  17212
  17229
  17245
  17261
  17277
  17294
  17310
  17326
  17343
  17359
  17375
  17391
  17408
  17424
  17440
  17457
  17473
  17489
  17506
  17522
  17538
  17555
  17571
  17587
  17604
  17620
  17636
  17652
  17669
  17685
  17701
  17718
  17734
  17751
  17767
  17783
  17800
  17816
  17832
  17849
  17865
  17881
  17898
  17914
  17930
  17947
  17963
  17979
  17996
  18012
  18029
  18045
  18061
  18078
  18094
  18110
  18127
  18143
  18160
  18176
  18192
  18209
  18225
  18241
  18258
  18274
  18291
  18307
  18323
  18340
  18356
  18373
  18389
  18405
  18422
  18438
  18455
  18471
  18487
  18504
  18520
  18537
  18553
  18569
  18586
  18602
  18619
  18635
  18651
  18668
  18684
  18701
  18717
  18734
  18750
  18766
  18783
  18799
  18816
  18832
  18848
  18865
  18881
  18898
  18914
  18931
  18947
  18963
  18980
  18996
  19013
  19029
  19046
  19062
  19078
  19095
  19111
  19128
  19144
  19160
  19177
  19193
  19210
  19226
  19243
  19259
  19275
  19292
  19308
  19325
  19341
  19358
  19374
  19390
  19407
  19423
  19440
  19456
  19472
  19489
  19505
  19522
  19538
  19555
  19571
  19587
  19604
  19620
  19637
  19653
  19669
  19686
  19702
  19719
  19735
  19752
  19768
  19784
  19801
  19817
  19834
  19850
  19866
  19883
  19899
  19916
  19932
  19948
  19965
  19981
  19998
  20014
  20030
  20047
  20063
  20080
  20096
  20112
  20129
  20145
  20162
  20178
  20194
  20211
  20227
  20243
  20260
  20276
  20293
  20309
  20325
  20342
  20358
  20374
  20391
  20407
  20424
  20440
  20456
  20473
  20489
  20505
  20522
  20538
  20554
  20571
  20587
  20603
  20620
  20636
  20652
  20669
  20685
  20701
  20718
  20734
  20750
  20767
  20783
  20799
  20816
  20832
  20848
  20865
  20881
  20897
  20914
  20930
  20946
  20963
  20979
  20995
  21011
  21028
  21044
  21060
  21077
  21093
  21109
  21125
  21142
  21158
  21174
  21191
  21207
  21223
  21239
  21256
  21272
  21288
  21304
  21321
  21337
  21353
  21369
  21386
  21402
  21418
  21434
  21450
  21467
  21483
  21499
  21515
  21531
  21548
  21564
  21580
  21596
  21612
  21629
  21645
  21661
  21677
  21693
  21710
  21726
  21742
  21758
  21774
  21790
  21806
  21823
  21839
  21855
  21871
  21887
  21903
  21919
  21936
  21952
  21968
  21984
  22000
  22016
  22032
  22048
  22064
  22080
  22097
  22113
  22129
  22145
  22161
  22177
  22193
  22209
  22225
  22241
  22257
  22273
  22289
  22305
  22321
  22337
  22353
  22369
  22385
  22401
  22417
  22433
  22449
  22465
  22481
  22497
  22513
  22529
  22545
  22561
  22577
  22593
  22609
  22625
  22641
  22657
  22673
  22689
  22705
  22721
  22737
  22752
  22768
  22784
  22800
  22816
  22832
  22848
  22864
  22880
  22895
  22911
  22927
  22943
  22959
  22975
  22990
  23006
  23022
  23038
  23054
  23070
  23085
  23101
  23117
  23133
  23148
  23164
  23180
  23196
  23212
  23227
  23243
  23259
  23274
  23290
  23306
  23322
  23337
  23353
  23369
  23384
  23400
  23416
  23432
  23447
  23463
  23479
  23494
  23510
  23525
  23541
  23557
  23572
  23588
  23604
  23619
  23635
  23650
  23666
  23682
  23697
  23713
  23728
  23744
  23759
  23775
  23790
  23806
  23822
  23837
  23853
  23868
  23884
  23899
  23915
  23930
  23946
  23961
  23976
  23992
  24007
  24023
  24038
  24054
  24069
  24085
  24100
  24115
  24131
  24146
  24161
  24177
  24192
  24208
  24223
  24238
  24254
  24269
  24284
  24300
  24315
  24330
  24345
  24361
  24376
  24391
  24407
  24422
  24437
  24452
  24468
  24483
  24498
  24513
  24528
  24544
  24559
  24574
  24589
  24604
  24620
  24635
  24650
  24665
  24680
  24695
  24710
  24726
  24741
  24756
  24771
  24786
  24801
  24816
  24831
  24846
  24861
  24876
  24891
  24906
  24921
  24936
  24951
  24966
  24981
  24996
  25011
  25026
  25041
  25056
  25071
  25086
  25101
  25116
  25131
  25145
  25160
  25175
  25190
  25205
  25220
  25235
  25249
  25264
  25279
  25294
  25309
  25323
  25338
  25353
  25368
  25382
  25397
  25412
  25427
  25441
  25456
  25471
  25485
  25500
  25515
  25529
  25544
  25559
  25573
  25588
  25603
  25617
  25632
  25646
  25661
  25676
  25690
  25705
  25719
  25734
  25748
  25763
  25777
  25792
  25806
  25821
  25835
  25850
  25864
  25879
  25893
  25907
  25922
  25936
  25951
  25965
  25979
  25994
  26008
  26022
  26037
  26051
  26065
  26080
  26094
  26108
  26122
  26137
  26151
  26165
  26179
  26194
  26208
  26222
  26236
  26251
  26265
  26279
  26293
  26307
  26321
  26335
  26350
  26364
  26378
  26392
  26406
  26420
  26434
  26448
  26462
  26476
  26490
  26504
  26518
  26532
  26546
  26560
  26574
  26588
  26602
  26616
  26630
  26644
  26657
  26671
  26685
  26699
  26713
  26727
  26740
  26754
  26768
  26782
  26796
  26809
  26823
  26837
  26851
  26864
  26878
  26892
  26905
  26919
  26933
  26946
  26960
  26974
  26987
  27001
  27015
  27028
  27042
  27055
  27069
  27082
  27096
  27109
  27123
  27136
  27150
  27163
  27177
  27190
  27204
  27217
  27231
  27244
  27257
  27271
  27284
  27297
  27311
  27324
  27337
  27351
  27364
  27377
  27391
  27404
  27417
  27430
  27444
  27457
  27470
  27483
  27496
  27509
  27523
  27536
  27549
  27562
  27575
  27588
  27601
  27614
  27627
  27640
  27653
  27667
  27680
  27693
  27705
  27718
  27731
  27744
  27757
  27770
  27783
  27796
  27809
  27822
  27835
  27847
  27860
  27873
  27886
  27899
  27911
  27924
  27937
  27950
  27962
  27975
  27988
  28001
  28013
  28026
  28039
  28051
  28064
  28076
  28089
  28102
  28114
  28127
  28139
  28152
  28164
  28177
  28189
  28202
  28214
  28227
  28239
  28252
  28264
  28276
  28289
  28301
  28314
  28326
  28338
  28351
  28363
  28375
  28387
  28400
  28412
  28424
  28436
  28449
  28461
  28473
  28485
  28497
  28510
  28522
  28534
  28546
  28558
  28570
  28582
  28594
  28606
  28618
  28630
  28642
  28654
  28666
  28678
  28690
  28702
  28714
  28726
  28738
  28750
  28761
  28773
  28785
  28797
  28809
  28820
  28832
  28844
  28856
  28867
  28879
  28891
  28903
  28914
  28926
  28938
  28949
  28961
  28972
  28984
  28995
  29007
  29019
  29030
  29042
  29053
  29065
  29076
  29088
  29099
  29110
  29122
  29133
  29145
  29156
  29167
  29179
  29190
  29201
  29212
  29224
  29235
  29246
  29257
  29269
  29280
  29291
  29302
  29313
  29325
  29336
  29347
  29358
  29369
  29380
  29391
  29402
  29413
  29424
  29435
  29446
  29457
  29468
  29479
  29490
  29501
  29512
  29522
  29533
  29544
  29555
  29566
  29577
  29587
  29598
  29609
  29620
  29630
  29641
  29652
  29662
  29673
  29684
  29694
  29705
  29715
  29726
  29736
  29747
  29758
  29768
  29779
  29789
  29799
  29810
  29820
  29831
  29841
  29852
  29862
  29872
  29883
  29893
  29903
  29913
  29924
  29934
  29944
  29954
  29965
  29975
  29985
  29995
  30005
  30015
  30025
  30036
  30046
  30056
  30066
  30076
  30086
  30096
  30106
  30116
  30126
  30136
  30145
  30155
  30165
  30175
  30185
  30195
  30205
  30214
  30224
  30234
  30244
  30253
  30263
  30273
  30282
  30292
  30302
  30311
  30321
  30331
  30340
  30350
  30359
  30369
  30378
  30388
  30397
  30407
  30416
  30426
  30435
  30444
  30454
  30463
  30473
  30482
  30491
  30500
  30510
  30519
  30528
  30537
  30547
  30556
  30565
  30574
  30583
  30592
  30601
  30611
  30620
  30629
  30638
  30647
  30656
  30665
  30674
  30683
  30692
  30700
  30709
  30718
  30727
  30736
  30745
  30754
  30762
  30771
  30780
  30789
  30797
  30806
  30815
  30823
  30832
  30841
  30849
  30858
  30866
  30875
  30884
  30892
  30901
  30909
  30918
  30926
  30934
  30943
  30951
  30960
  30968
  30976
  30985
  30993
  31001
  31010
  31018
  31026
  31034
  31042
  31051
  31059
  31067
  31075
  31083
  31091
  31099
  31107
  31116
  31124
  31132
  31140
  31147
  31155
  31163
  31171
  31179
  31187
  31195
  31203
  31211
  31218
  31226
  31234
  31242
  31249
  31257
  31265
  31273
  31280
  31288
  31295
  31303
  31311
  31318
  31326
  31333
  31341
  31348
  31356
  31363
  31371
  31378
  31385
  31393
  31400
  31408
  31415
  31422
  31429
  31437
  31444
  31451
  31458
  31466
  31473
  31480
  31487
  31494
  31501
  31508
  31515
  31523
  31530
  31537
  31544
  31551
  31557
  31564
  31571
  31578
  31585
  31592
  31599
  31606
  31612
  31619
  31626
  31633
  31639
  31646
  31653
  31659
  31666
  31673
  31679
  31686
  31693
  31699
  31706
  31712
  31719
  31725
  31732
  31738
  31744
  31751
  31757
  31764
  31770
  31776
  31782
  31789
  31795
  31801
  31808
  31814
  31820
  31826
  31832
  31838
  31844
  31851
  31857
  31863
  31869
  31875
  31881
  31887
  31893
  31899
  31904
  31910
  31916
  31922
  31928
  31934
  31940
  31945
  31951
  31957
  31963
  31968
  31974
  31980
  31985
  31991
  31996
  32002
  32008
  32013
  32019
  32024
  32030
  32035
  32041
  32046
  32051
  32057
  32062
  32068
  32073
  32078
  32083
  32089
  32094
  32099
  32104
  32110
  32115
  32120
  32125
  32130
  32135
  32140
  32145
  32150
  32155
  32160
  32165
  32170
  32175
  32180
  32185
  32190
  32195
  32200
  32204
  32209
  32214
  32219
  32223
  32228
  32233
  32238
  32242
  32247
  32251
  32256
  32261
  32265
  32270
  32274
  32279
  32283
  32288
  32292
  32296
  32301
  32305
  32310
  32314
  32318
  32322
  32327
  32331
  32335
  32339
  32344
  32348
  32352
  32356
  32360
  32364
  32368
  32372
  32376
  32380
  32384
  32388
  32392
  32396
  32400
  32404
  32408
  32412
  32416
  32419
  32423
  32427
  32431
  32434
  32438
  32442
  32445
  32449
  32453
  32456
  32460
  32463
  32467
  32470
  32474
  32477
  32481
  32484
  32488
  32491
  32494
  32498
  32501
  32504
  32508
  32511
  32514
  32517
  32521
  32524
  32527
  32530
  32533
  32536
  32540
  32543
  32546
  32549
  32552
  32555
  32558
  32561
  32563
  32566
  32569
  32572
  32575
  32578
  32581
  32583
  32586
  32589
  32592
  32594
  32597
  32600
  32602
  32605
  32607
  32610
  32612
  32615
  32618
  32620
  32622
  32625
  32627
  32630
  32632
  32634
  32637
  32639
  32641
  32644
  32646
  32648
  32650
  32653
  32655
  32657
  32659
  32661
  32663
  32665
  32667
  32669
  32671
  32673
  32675
  32677
  32679
  32681
  32683
  32685
  32687
  32689
  32690
  32692
  32694
  32696
  32697
  32699
  32701
  32702
  32704
  32706
  32707
  32709
  32710
  32712
  32713
  32715
  32716
  32718
  32719
  32721
  32722
  32723
  32725
  32726
  32727
  32729
  32730
  32731
  32732
  32734
  32735
  32736
  32737
  32738
  32739
  32740
  32741
  32742
  32743
  32744
  32745
  32746
  32747
  32748
  32749
  32750
  32751
  32751
  32752
  32753
  32754
  32755
  32755
  32756
  32757
  32757
  32758
  32758
  32759
  32760
  32760
  32761
  32761
  32762
  32762
  32763
  32763
  32763
  32764
  32764
  32764
  32765
  32765
  32765
  32766
  32766
  32766
  32766
  32766
  32767
  32767
  32767
  32767
  32767
  32767
  32767
  32767
  32767
  32767
  32767
  32767
  32767
  32767
  32766
  32766
  32766
  32766
  32766
  32765
  32765
  32765
  32764
  32764
  32764
  32763
  32763
  32763
  32762
  32762
  32761
  32761
  32760
  32760
  32759
  32758
  32758
  32757
  32757
  32756
  32755
  32755
  32754
  32753
  32752
  32751
  32751
  32750
  32749
  32748
  32747
  32746
  32745
  32744
  32743
  32742
  32741
  32740
  32739
  32738
  32737
  32736
  32735
  32734
  32732
  32731
  32730
  32729
  32727
  32726
  32725
  32723
  32722
  32721
  32719
  32718
  32716
  32715
  32713
  32712
  32710
  32709
  32707
  32706
  32704
  32702
  32701
  32699
  32697
  32696
  32694
  32692
  32690
  32689
  32687
  32685
  32683
  32681
  32679
  32677
  32675
  32673
  32671
  32669
  32667
  32665
  32663
  32661
  32659
  32657
  32655
  32653
  32650
  32648
  32646
  32644
  32641
  32639
  32637
  32634
  32632
  32630
  32627
  32625
  32622
  32620
  32618
  32615
  32612
  32610
  32607
  32605
  32602
  32600
  32597
  32594
  32592
  32589
  32586
  32583
  32581
  32578
  32575
  32572
  32569
  32566
  32563
  32561
  32558
  32555
  32552
  32549
  32546
  32543
  32540
  32536
  32533
  32530
  32527
  32524
  32521
  32517
  32514
  32511
  32508
  32504
  32501
  32498
  32494
  32491
  32488
  32484
  32481
  32477
  32474
  32470
  32467
  32463
  32460
  32456
  32453
  32449
  32445
  32442
  32438
  32434
  32431
  32427
  32423
  32419
  32416
  32412
  32408
  32404
  32400
  32396
  32392
  32388
  32384
  32380
  32376
  32372
  32368
  32364
  32360
  32356
  32352
  32348
  32344
  32339
  32335
  32331
  32327
  32322
  32318
  32314
  32310
  32305
  32301
  32296
  32292
  32288
  32283
  32279
  32274
  32270
  32265
  32261
  32256
  32251
  32247
  32242
  32238
  32233
  32228
  32223
  32219
  32214
  32209
  32204
  32200
  32195
  32190
  32185
  32180
  32175
  32170
  32165
  32160
  32155
  32150
  32145
  32140
  32135
  32130
  32125
  32120
  32115
  32110
  32104
  32099
  32094
  32089
  32083
  32078
  32073
  32068
  32062
  32057
  32051
  32046
  32041
  32035
  32030
  32024
  32019
  32013
  32008
  32002
  31996
  31991
  31985
  31980
  31974
  31968
  31963
  31957
  31951
  31945
  31940
  31934
  31928
  31922
  31916
  31910
  31904
  31899
  31893
  31887
  31881
  31875
  31869
  31863
  31857
  31851
  31844
  31838
  31832
  31826
  31820
  31814
  31808
  31801
  31795
  31789
  31782
  31776
  31770
  31764
  31757
  31751
  31744
  31738
  31732
  31725
  31719
  31712
  31706
  31699
  31693
  31686
  31679
  31673
  31666
  31659
  31653
  31646
  31639
  31633
  31626
  31619
  31612
  31606
  31599
  31592
  31585
  31578
  31571
  31564
  31557
  31551
  31544
  31537
  31530
  31523
  31515
  31508
  31501
  31494
  31487
  31480
  31473
  31466
  31458
  31451
  31444
  31437
  31429
  31422
  31415
  31408
  31400
  31393
  31385
  31378
  31371
  31363
  31356
  31348
  31341
  31333
  31326
  31318
  31311
  31303
  31295
  31288
  31280
  31273
  31265
  31257
  31249
  31242
  31234
  31226
  31218
  31211
  31203
  31195
  31187
  31179
  31171
  31163
  31155
  31147
  31140
  31132
  31124
  31116
  31107
  31099
  31091
  31083
  31075
  31067
  31059
  31051
  31042
  31034
  31026
  31018
  31010
  31001
  30993
  30985
  30976
  30968
  30960
  30951
  30943
  30934
  30926
  30918
  30909
  30901
  30892
  30884
  30875
  30866
  30858
  30849
  30841
  30832
  30823
  30815
  30806
  30797
  30789
  30780
  30771
  30762
  30754
  30745
  30736
  30727
  30718
  30709
  30700
  30692
  30683
  30674
  30665
  30656
  30647
  30638
  30629
  30620
  30611
  30601
  30592
  30583
  30574
  30565
  30556
  30547
  30537
  30528
  30519
  30510
  30500
  30491
  30482
  30473
  30463
  30454
  30444
  30435
  30426
  30416
  30407
  30397
  30388
  30378
  30369
  30359
  30350
  30340
  30331
  30321
  30311
  30302
  30292
  30282
  30273
  30263
  30253
  30244
  30234
  30224
  30214
  30205
  30195
  30185
  30175
  30165
  30155
  30145
  30136
  30126
  30116
  30106
  30096
  30086
  30076
  30066
  30056
  30046
  30036
  30025
  30015
  30005
  29995
  29985
  29975
  29965
  29954
  29944
  29934
  29924
  29913
  29903
  29893
  29883
  29872
  29862
  29852
  29841
  29831
  29820
  29810
  29799
  29789
  29779
  29768
  29758
  29747
  29736
  29726
  29715
  29705
  29694
  29684
  29673
  29662
  29652
  29641
  29630
  29620
  29609
  29598
  29587
  29577
  29566
  29555
  29544
  29533
  29522
  29512
  29501
  29490
  29479
  29468
  29457
  29446
  29435
  29424
  29413
  29402
  29391
  29380
  29369
  29358
  29347
  29336
  29325
  29313
  29302
  29291
  29280
  29269
  29257
  29246
  29235
  29224
  29212
  29201
  29190
  29179
  29167
  29156
  29145
  29133
  29122
  29110
  29099
  29088
  29076
  29065
  29053
  29042
  29030
  29019
  29007
  28995
  28984
  28972
  28961
  28949
  28938
  28926
  28914
  28903
  28891
  28879
  28867
  28856
  28844
  28832
  28820
  28809
  28797
  28785
  28773
  28761
  28750
  28738
  28726
  28714
  28702
  28690
  28678
  28666
  28654
  28642
  28630
  28618
  28606
  28594
  28582
  28570
  28558
  28546
  28534
  28522
  28510
  28497
  28485
  28473
  28461
  28449
  28436
  28424
  28412
  28400
  28387
  28375
  28363
  28351
  28338
  28326
  28314
  28301
  28289
  28276
  28264
  28252
  28239
  28227
  28214
  28202
  28189
  28177
  28164
  28152
  28139
  28127
  28114
  28102
  28089
  28076
  28064
  28051
  28039
  28026
  28013
  28001
  27988
  27975
  27962
  27950
  27937
  27924
  27911
  27899
  27886
  27873
  27860
  27847
  27835
  27822
  27809
  27796
  27783
  27770
  27757
  27744
  27731
  27718
  27705
  27693
  27680
  27667
  27653
  27640
  27627
  27614
  27601
  27588
  27575
  27562
  27549
  27536
  27523
  27509
  27496
  27483
  27470
  27457
  27444
  27430
  27417
  27404
  27391
  27377
  27364
  27351
  27337
  27324
  27311
  27297
  27284
  27271
  27257
  27244
  27231
  27217
  27204
  27190
  27177
  27163
  27150
  27136
  27123
  27109
  27096
  27082
  27069
  27055
  27042
  27028
  27015
  27001
  26987
  26974
  26960
  26946
  26933
  26919
  26905
  26892
  26878
  26864
  26851
  26837
  26823
  26809
  26796
  26782
  26768
  26754
  26740
  26727
  26713
  26699
  26685
  26671
  26657
  26644
  26630
  26616
  26602
  26588
  26574
  26560
  26546
  26532
  26518
  26504
  26490
  26476
  26462
  26448
  26434
  26420
  26406
  26392
  26378
  26364
  26350
  26335
  26321
  26307
  26293
  26279
  26265
  26251
  26236
  26222
  26208
  26194
  26179
  26165
  26151
  26137
  26122
  26108
  26094
  26080
  26065
  26051
  26037
  26022
  26008
  25994
  25979
  25965
  25951
  25936
  25922
  25907
  25893
  25879
  25864
  25850
  25835
  25821
  25806
  25792
  25777
  25763
  25748
  25734
  25719
  25705
  25690
  25676
  25661
  25646
  25632
  25617
  25603
  25588
  25573
  25559
  25544
  25529
  25515
  25500
  25485
  25471
  25456
  25441
  25427
  25412
  25397
  25382
  25368
  25353
  25338
  25323
  25309
  25294
  25279
  25264
  25249
  25235
  25220
  25205
  25190
  25175
  25160
  25145
  25131
  25116
  25101
  25086
  25071
  25056
  25041
  25026
  25011
  24996
  24981
  24966
  24951
  24936
  24921
  24906
  24891
  24876
  24861
  24846
  24831
  24816
  24801
  24786
  24771
  24756
  24741
  24726
  24710
  24695
  24680
  24665
  24650
  24635
  24620
  24604
  24589
  24574
  24559
  24544
  24528
  24513
  24498
  24483
  24468
  24452
  24437
  24422
  24407
  24391
  24376
  24361
  24345
  24330
  24315
  24300
  24284
  24269
  24254
  24238
  24223
  24208
  24192
  24177
  24161
  24146
  24131
  24115
  24100
  24085
  24069
  24054
  24038
  24023
  24007
  23992
  23976
  23961
  23946
  23930
  23915
  23899
  23884
  23868
  23853
  23837
  23822
  23806
  23790
  23775
  23759
  23744
  23728
  23713
  23697
  23682
  23666
  23650
  23635
  23619
  23604
  23588
  23572
  23557
  23541
  23525
  23510
  23494
  23479
  23463
  23447
  23432
  23416
  23400
  23384
  23369
  23353
  23337
  23322
  23306
  23290
  23274
  23259
  23243
  23227
  23212
  23196
  23180
  23164
  23148
  23133
  23117
  23101
  23085
  23070
  23054
  23038
  23022
  23006
  22990
  22975
  22959
  22943
  22927
  22911
  22895
  22880
  22864
  22848
  22832
  22816
  22800
  22784
  22768
  22752
  22737
  22721
  22705
  22689
  22673
  22657
  22641
  22625
  22609
  22593
  22577
  22561
  22545
  22529
  22513
  22497
  22481
  22465
  22449
  22433
  22417
  22401
  22385
  22369
  22353
  22337
  22321
  22305
  22289
  22273
  22257
  22241
  22225
  22209
  22193
  22177
  22161
  22145
  22129
  22113
  22097
  22080
  22064
  22048
  22032
  22016
  22000
  21984
  21968
  21952
  21936
  21919
  21903
  21887
  21871
  21855
  21839
  21823
  21806
  21790
  21774
  21758
  21742
  21726
  21710
  21693
  21677
  21661
  21645
  21629
  21612
  21596
  21580
  21564
  21548
  21531
  21515
  21499
  21483
  21467
  21450
  21434
  21418
  21402
  21386
  21369
  21353
  21337
  21321
  21304
  21288
  21272
  21256
  21239
  21223
  21207
  21191
  21174
  21158
  21142
  21125
  21109
  21093
  21077
  21060
  21044
  21028
  21011
  20995
  20979
  20963
  20946
  20930
  20914
  20897
  20881
  20865
  20848
  20832
  20816
  20799
  20783
  20767
  20750
  20734
  20718
  20701
  20685
  20669
  20652
  20636
  20620
  20603
  20587
  20571
  20554
  20538
  20522
  20505
  20489
  20473
  20456
  20440
  20424
  20407
  20391
  20374
  20358
  20342
  20325
  20309
  20293
  20276
  20260
  20243
  20227
  20211
  20194
  20178
  20162
  20145
  20129
  20112
  20096
  20080
  20063
  20047
  20030
  20014
  19998
  19981
  19965
  19948
  19932
  19916
  19899
  19883
  19866
  19850
  19834
  19817
  19801
  19784
  19768
  19752
  19735
  19719
  19702
  19686
  19669
  19653
  19637
  19620
  19604
  19587
  19571
  19555
  19538
  19522
  19505
  19489
  19472
  19456
  19440
  19423
  19407
  19390
  19374
  19358
  19341
  19325
  19308
  19292
  19275
  19259
  19243
  19226
  19210
  19193
  19177
  19160
  19144
  19128
  19111
  19095
  19078
  19062
  19046
  19029
  19013
  18996
  18980
  18963
  18947
  18931
  18914
  18898
  18881
  18865
  18848
  18832
  18816
  18799
  18783
  18766
  18750
  18734
  18717
  18701
  18684
  18668
  18651
  18635
  18619
  18602
  18586
  18569
  18553
  18537
  18520
  18504
  18487
  18471
  18455
  18438
  18422
  18405
  18389
  18373
  18356
  18340
  18323
  18307
  18291
  18274
  18258
  18241
  18225
  18209
  18192
  18176
  18160
  18143
  18127
  18110
  18094
  18078
  18061
  18045
  18029
  18012
  17996
  17979
  17963
  17947
  17930
  17914
  17898
  17881
  17865
  17849
  17832
  17816
  17800
  17783
  17767
  17751
  17734
  17718
  17701
  17685
  17669
  17652
  17636
  17620
  17604
  17587
  17571
  17555
  17538
  17522
  17506
  17489
  17473
  17457
  17440
  17424
  17408
  17391
  17375
  17359
  17343
  17326
  17310
  17294
  17277
  17261
  17245
  17229
  17212
  17196
  17180
  17164
  17147
  17131
  17115
  17098
  17082
  17066
  17050
  17033
  17017
  17001
  16985
  16969
  16952
  16936
  16920
  16904
  16887
  16871
  16855
  16839
  16823
  16806
  16790
  16774
  16758
  16742
  16725
  16709
  16693
  16677
  16661
  16644
  16628
  16612
  16596
  16580
  16564
  16547
  16531
  16515
  16499
  16483
  16467
  16451
  16434
  16418
  16402
  16386
  16370
  16354
  16338
  16322
  16305
  16289
  16273
  16257
  16241
  16225
  16209
  16193
  16177
  16161
  16145
  16129
  16112
  16096
  16080
  16064
  16048
  16032
  16016
  16000
  15984
  15968
  15952
  15936
  15920
  15904
  15888
  15872
  15856
  15840
  15824
  15808
  15792
  15776
  15760
  15744
  15728
  15712
  15696
  15680
  15664
  15648
  15632
  15616
  15600
  15584
  15569
  15553
  15537
  15521
  15505
  15489
  15473
  15457
  15441
  15425
  15409
  15394
  15378
  15362
  15346
  15330
  15314
  15298
  15283
  15267
  15251
  15235
  15219
  15203
  15188
  15172
  15156
  15140
  15124
  15109
  15093
  15077
  15061
  15045
  15030
  15014
  14998
  14982
  14967
  14951
  14935
  14919
  14904
  14888
  14872
  14856
  14841
  14825
  14809
  14794
  14778
  14762
  14746
  14731
  14715
  14699
  14684
  14668
  14652
  14637
  14621
  14606
  14590
  14574
  14559
  14543
  14527
  14512
  14496
  14481
  14465
  14449
  14434
  14418
  14403
  14387
  14372
  14356
  14341
  14325
  14309
  14294
  14278
  14263
  14247
  14232
  14216
  14201
  14185
  14170
  14154
  14139
  14123
  14108
  14093
  14077
  14062
  14046
  14031
  14015
  14000
  13984
  13969
  13954
  13938
  13923
  13908
  13892
  13877
  13861
  13846
  13831
  13815
  13800
  13785
  13769
  13754
  13739
  13723
  13708
  13693
  13677
  13662
  13647
  13632
  13616
  13601
  13586
  13571
  13555
  13540
  13525
  13510
  13494
  13479
  13464
  13449
  13434
  13418
  13403
  13388
  13373
  13358
  13343
  13327
  13312
  13297
  13282
  13267
  13252
  13237
  13222
  13206
  13191
  13176
  13161
  13146
  13131
  13116
  13101
  13086
  13071
  13056
  13041
  13026
  13011
  12996
  12981
  12966
  12951
  12936
  12921
  12906
  12891
  12876
  12861
  12846
  12831
  12816
  12801
  12786
  12772
  12757
  12742
  12727
  12712
  12697
  12682
  12667
  12653
  12638
  12623
  12608
  12593
  12578
  12564
  12549
  12534
  12519
  12505
  12490
  12475
  12460
  12446
  12431
  12416
  12401
  12387
  12372
  12357
  12343
  12328
  12313
  12298
  12284
  12269
  12255
  12240
  12225
  12211
  12196
  12181
  12167
  12152
  12138
  12123
  12108
  12094
  12079
  12065
  12050
  12036
  12021
  12007
  11992
  11978
  11963
  11949
  11934
  11920
  11905
  11891
  11876
  11862
  11847
  11833
  11819
  11804
  11790
  11775
  11761
  11747
  11732
  11718
  11703
  11689
  11675
  11660
  11646
  11632
  11617
  11603
  11589
  11575
  11560
  11546
  11532
  11518
  11503
  11489
  11475
  11461
  11446
  11432
  11418
  11404
  11390
  11375
  11361
  11347
  11333
  11319
  11305
  11291
  11276
  11262
  11248
  11234
  11220
  11206
  11192
  11178
  11164
  11150
  11136
  11122
  11108
  11094
  11080
  11066
  11052
  11038
  11024
  11010
  10996
  10982
  10968
  10954
  10940
  10926
  10912
  10898
  10885
  10871
  10857
  10843
  10829
  10815
  10801
  10788
  10774
  10760
  10746
  10732
  10719
  10705
  10691
  10677
  10664
  10650
  10636
  10622
  10609
  10595
  10581
  10568
  10554
  10540
  10527
  10513
  10499
  10486
  10472
  10458
  10445
  10431
  10418
  10404
  10390
  10377
  10363
  10350
  10336
  10323
  10309
  10296
  10282
  10269
  10255
  10242
  10228
  10215
  10201
  10188
  10174
  10161
  10148
  10134
  10121
  10107
  10094
  10081
  10067
  10054
  10041
  10027
  10014
  10001
   9987
   9974
   9961
   9947
   9934
   9921
   9908
   9894
   9881
   9868
   9855
   9842
   9828
   9815
   9802
   9789
   9776
   9762
   9749
   9736
   9723
   9710
   9697
   9684
   9671
   9658
   9645
   9631
   9618
   9605
   9592
   9579
   9566
   9553
   9540
   9527
   9514
   9501
   9488
   9475
   9463
   9450
   9437
   9424
   9411
   9398
   9385
   9372
   9359
   9346
   9334
   9321
   9308
   9295
   9282
   9270
   9257
   9244
   9231
   9218
   9206
   9193
   9180
   9167
   9155
   9142
   9129
   9117
   9104
   9091
   9079
   9066
   9053
   9041
   9028
   9016
   9003
   8990
   8978
   8965
   8953
   8940
   8928
   8915
   8903
   8890
   8877
   8865
   8853
   8840
   8828
   8815
   8803
   8790
   8778
   8765
   8753
   8741
   8728
   8716
   8703
   8691
   8679
   8666
   8654
   8642
   8629
   8617
   8605
   8593
   8580
   8568
   8556
   8544
   8531
   8519
   8507
   8495
   8482
   8470
   8458
   8446
   8434
   8422
   8410
   8397
   8385
   8373
   8361
   8349
   8337
   8325
   8313
   8301
   8289
   8277
   8265
   8253
   8241
   8229
   8217
   8205
   8193
   8181
   8169
   8157
   8145
   8133
   8121
   8109
   8098
   8086
   8074
   8062
   8050
   8038
   8026
   8015
   8003
   7991
   7979
   7968
   7956
   7944
   7932
   7921
   7909
   7897
   7885
   7874
   7862
   7850
   7839
   7827
   7815
   7804
   7792
   7781
   7769
   7757
   7746
   7734
   7723
   7711
   7700
   7688
   7677
   7665
   7654
   7642
   7631
   7619
   7608
   7596
   7585
   7573
   7562
   7551
   7539
   7528
   7516
   7505
   7494
   7482
   7471
   7460
   7448
   7437
   7426
   7415
   7403
   7392
   7381
   7370
   7358
   7347
   7336
   7325
   7313
   7302
   7291
   7280
   7269
   7258
   7247
   7235
   7224
   7213
   7202
   7191
   7180
   7169
   7158
   7147
   7136
   7125
   7114
   7103
   7092
   7081
   7070
   7059
   7048
   7037
   7026
   7015
   7004
   6993
   6982
   6972
   6961
   6950
   6939
   6928
   6917
   6907
   6896
   6885
   6874
   6863
   6853
   6842
   6831
   6820
   6810
   6799
   6788
   6778
   6767
   6756
   6746
   6735
   6724
   6714
   6703
   6692
   6682
   6671
   6661
   6650
   6640
   6629
   6618
   6608
   6597
   6587
   6576
   6566
   6555
   6545
   6535
   6524
   6514
   6503
   6493
   6482
   6472
   6462
   6451
   6441
   6431
   6420
   6410
   6400
   6389
   6379
   6369
   6358
   6348
   6338
   6328
   6317
   6307
   6297
   6287
   6277
   6266
   6256
   6246
   6236
   6226
   6216
   6205
   6195
   6185
   6175
   6165
   6155
   6145
   6135
   6125
   6115
   6105
   6095
   6085
   6075
   6065
   6055
   6045
   6035
   6025
   6015
   6005
   5995
   5985
   5976
   5966
   5956
   5946
   5936
   5926
   5916
   5907
   5897
   5887
   5877
   5867
   5858
   5848
   5838
   5828
   5819
   5809
   5799
   5790
   5780
   5770
   5761
   5751
   5741
   5732
   5722
   5713
   5703
   5693
   5684
   5674
   5665
   5655
   5646
   5636
   5627
   5617
   5608
   5598
   5589
   5579
   5570
   5560
   5551
   5541
   5532
   5523
   5513
   5504
   5494
   5485
   5476
   5466
   5457
   5448
   5438
   5429
   5420
   5411
   5401
   5392
   5383
   5374
   5364
   5355
   5346
   5337
   5328
   5318
   5309
   5300
   5291
   5282
   5273
   5264
   5254
   5245
   5236
   5227
   5218
   5209
   5200
   5191
   5182
   5173
   5164
   5155
   5146
   5137
   5128
   5119
   5110
   5101
   5092
   5083
   5075
   5066
   5057
   5048
   5039
   5030
   5021
   5013
   5004
   4995
   4986
   4977
   4969
   4960
   4951
   4942
   4934
   4925
   4916
   4907
   4899
   4890
   4881
   4873
   4864
   4855
   4847
   4838
   4830
   4821
   4812
   4804
   4795
   4787
   4778
   4770
   4761
   4753
   4744
   4736
   4727
   4719
   4710
   4702
   4693
   4685
   4676
   4668
   4659
   4651
   4643
   4634
   4626
   4618
   4609
   4601
   4593
   4584
   4576
   4568
   4559
   4551
   4543
   4535
   4526
   4518
   4510
   4502
   4493
   4485
   4477
   4469
   4461
   4453
   4444
   4436
   4428
   4420
   4412
   4404
   4396
   4388
   4380
   4372
   4364
   4355
   4347
   4339
   4331
   4323
   4315
   4307
   4300
   4292
   4284
   4276
   4268
   4260
   4252
   4244
   4236
   4228
   4220
   4213
   4205
   4197
   4189
   4181
   4173
   4166
   4158
   4150
   4142
   4135
   4127
   4119
   4111
   4104
   4096
   4088
   4081
   4073
   4065
   4058
   4050
   4042
   4035
   4027
   4019
   4012
   4004
   3997
   3989
   3981
   3974
   3966
   3959
   3951
   3944
   3936
   3929
   3921
   3914
   3906
   3899
   3892
   3884
   3877
   3869
   3862
   3854
   3847
   3840
   3832
   3825
   3818
   3810
   3803
   3796
   3788
   3781
   3774
   3766
   3759
   3752
   3745
   3737
   3730
   3723
   3716
   3709
   3701
   3694
   3687
   3680
   3673
   3666
   3659
   3651
   3644
   3637
   3630
   3623
   3616
   3609
   3602
   3595
   3588
   3581
   3574
   3567
   3560
   3553
   3546
   3539
   3532
   3525
   3518
   3511
   3504
   3497
   3490
   3483
   3476
   3470
   3463
   3456
   3449
   3442
   3435
   3429
   3422
   3415
   3408
   3401
   3395
   3388
   3381
   3374
   3368
   3361
   3354
   3347
   3341
   3334
   3327
   3321
   3314
   3307
   3301
   3294
   3288
   3281
   3274
   3268
   3261
   3255
   3248
   3242
   3235
   3228
   3222
   3215
   3209
   3202
   3196
   3189
   3183
   3177
   3170
   3164
   3157
   3151
   3144
   3138
   3132
   3125
   3119
   3112
   3106
   3100
   3093
   3087
   3081
   3074
   3068
   3062
   3056
   3049
   3043
   3037
   3030
   3024
   3018
   3012
   3006
   2999
   2993
   2987
   2981
   2975
   2968
   2962
   2956
   2950
   2944
   2938
   2932
   2926
   2920
   2913
   2907
   2901
   2895
   2889
   2883
   2877
   2871
   2865
   2859
   2853
   2847
   2841
   2835
   2829
   2823
   2817
   2812
   2806
   2800
   2794
   2788
   2782
   2776
   2770
   2764
   2759
   2753
   2747
   2741
   2735
   2730
   2724
   2718
   2712
   2706
   2701
   2695
   2689
   2683
   2678
   2672
   2666
   2661
   2655
   2649
   2644
   2638
   2632
   2627
   2621
   2615
   2610
   2604
   2599
   2593
   2587
   2582
   2576
   2571
   2565
   2560
   2554
   2549
   2543
   2538
   2532
   2527
   2521
   2516
   2510
   2505
   2499
   2494
   2488
   2483
   2478
   2472
   2467
   2461
   2456
   2451
   2445
   2440
   2435
   2429
   2424
   2419
   2413
   2408
   2403
   2397
   2392
   2387
   2382
   2376
   2371
   2366
   2361
   2356
   2350
   2345
   2340
   2335
   2330
   2324
   2319
   2314
   2309
   2304
   2299
   2294
   2289
   2283
   2278
   2273
   2268
   2263
   2258
   2253
   2248
   2243
   2238
   2233
   2228
   2223
   2218
   2213
   2208
   2203
   2198
   2193
   2188
   2183
   2178
   2173
   2168
   2164
   2159
   2154
   2149
   2144
   2139
   2134
   2129
   2125
   2120
   2115
   2110
   2105
   2101
   2096
   2091
   2086
   2081
   2077
   2072
   2067
   2062
   2058
   2053
   2048
   2044
   2039
   2034
   2030
   2025
   2020
   2016
   2011
   2006
   2002
   1997
   1992
   1988
   1983
   1979
   1974
   1970
   1965
   1960
   1956
   1951
   1947
   1942
   1938
   1933
   1929
   1924
   1920
   1915
   1911
   1906
   1902
   1897
   1893
   1889
   1884
   1880
   1875
   1871
   1866
   1862
   1858
   1853
   1849
   1845
   1840
   1836
   1832
   1827
   1823
   1819
   1814
   1810
   1806
   1801
   1797
   1793
   1789
   1784
   1780
   1776
   1772
   1767
   1763
   1759
   1755
   1751
   1746
   1742
   1738
   1734
   1730
   1726
   1721
   1717
   1713
   1709
   1705
   1701
   1697
   1693
   1689
   1685
   1680
   1676
   1672
   1668
   1664
   1660
   1656
   1652
   1648
   1644
   1640
   1636
   1632
   1628
   1624
   1620
   1616
   1612
   1609
   1605
   1601
   1597
   1593
   1589
   1585
   1581
   1577
   1573
   1570
   1566
   1562
   1558
   1554
   1550
   1547
   1543
   1539
   1535
   1531
   1527
   1524
   1520
   1516
   1512
   1509
   1505
   1501
   1497
   1494
   1490
   1486
   1483
   1479
   1475
   1472
   1468
   1464
   1461
   1457
   1453
   1450
   1446
   1442
   1439
   1435
   1431
   1428
   1424
   1421
   1417
   1414
   1410
   1406
   1403
   1399
   1396
   1392
   1389
   1385
   1382
   1378
   1375
   1371
   1368
   1364
   1361
   1357
   1354
   1350
   1347
   1343
   1340
   1337
   1333
   1330
   1326
   1323
   1320
   1316
   1313
   1309
   1306
   1303
   1299
   1296
   1293
   1289
   1286
   1283
   1279
   1276
   1273
   1269
   1266
   1263
   1260
   1256
   1253
   1250
   1247
   1243
   1240
   1237
   1234
   1230
   1227
   1224
   1221
   1218
   1214
   1211
   1208
   1205
   1202
   1199
   1195
   1192
   1189
   1186
   1183
   1180
   1177
   1174
   1170
   1167
   1164
   1161
   1158
   1155
   1152
   1149
   1146
   1143
   1140
   1137
   1134
   1131
   1128
   1125
   1122
   1119
   1116
   1113
   1110
   1107
   1104
   1101
   1098
   1095
   1092
   1089
   1086
   1083
   1080
   1077
   1075
   1072
   1069
   1066
   1063
   1060
   1057
   1054
   1051
   1049
   1046
   1043
   1040
   1037
   1034
   1032
   1029
   1026
   1023
   1020
   1018
   1015
   1012
   1009
   1007
   1004
   1001
    998
    996
    993
    990
    987
    985
    982
    979
    977
    974
    971
    968
    966
    963
    960
    958
    955
    952
    950
    947
    945
    942
    939
    937
    934
    931
    929
    926
    924
    921
    919
    916
    913
    911
    908
    906
    903
    901
    898
    896
    893
    891
    888
    886
    883
    881
    878
    876
    873
    871
    868
    866
    863
    861
    858
    856
    853
    851
    849
    846
    844
    841
    839
    837
    834
    832
    829
    827
    825
    822
    820
    818
    815
    813
    810
    808
    806
    803
    801
    799
    797
    794
    792
    790
    787
    785
    783
    781
    778
    776
    774
    771
    769
    767
    765
    762
    760
    758
    756
    754
    751
    749
    747
    745
    743
    740
    738
    736
    734
    732
    730
    727
    725
    723
    721
    719
    717
    715
    712
    710
    708
    706
    704
    702
    700
    698
    696
    694
    692
    689
    687
    685
    683
    681
    679
    677
    675
    673
    671
    669
    667
    665
    663
    661
    659
    657
    655
    653
    651
    649
    647
    645
    643
    641
    639
    637
    635
    633
    632
    630
    628
    626
    624
    622
    620
    618
    616
    614
    612
    611
    609
    607
    605
    603
    601
    599
    597
    596
    594
    592
    590
    588
    586
    585
    583
    581
    579
    577
    576
    574
    572
    570
    568
    567
    565
    563
    561
    560
    558
    556
    554
    553
    551
    549
    547
    546
    544
    542
    541
    539
    537
    535
    534
    532
    530
    529
    527
    525
    524
    522
    520
    519
    517
    515
    514
    512
    510
    509
    507
    505
    504
    502
    501
    499
    497
    496
    494
    493
    491
    489
    488
    486
    485
    483
    482
    480
    478
    477
    475
    474
    472
    471
    469
    468
    466
    465
    463
    462
    460
    458
    457
    455
    454
    452
    451
    450
    448
    447
    445
    444
    442
    441
    439
    438
    436
    435
    433
    432
    431
    429
    428
    426
    425
    423
    422
    421
    419
    418
    416
    415
    414
    412
    411
    409
    408
    407
    405
    404
    403
    401
    400
    398
    397
    396
    394
    393
    392
    390
    389
    388
    386
    385
    384
    383
    381
    380
    379
    377
    376
    375
    373
    372
    371
    370
    368
    367
    366
    365
    363
    362
    361
    360
    358
    357
    356
    355
    353
    352
    351
    350
    348
    347
    346
    345
    344
    342
    341
    340
    339
    338
    336
    335
    334
    333
    332
    331
    329
    328
    327
    326
    325
    324
    322
    321
    320
    319
    318
    317
    316
    314
    313
    312
    311
    310
    309
    308
    307
    306
    304
    303
    302
    301
    300
    299
    298
    297
    296
    295
    294
    293
    292
    290
    289
    288
    287
    286
    285
    284
    283
    282
    281
    280
    279
    278
    277
    276
    275
    274
    273
    272
    271
    270
    269
    268
    267
    266
    265
    264
    263
    262
    261
    260
    259
    258
    257
    256
    255
    254
    253
    252
    251
    251
    250
    249
    248
    247
    246
    245
    244
    243
    242
    241
    240
    239
    238
    238
    237
    236
    235
    234
    233
    232
    231
    230
    230
    229
    228
    227
    226
    225
    224
    223
    223
    222
    221
    220
    219
    218
    217
    217
    216
    215
    214
    213
    212
    212
    211
    210
    209
    208
    208
    207
    206
    205
    204
    203
    203
    202
    201
    200
    199
    199
    198
    197
    196
    196
    195
    194
    193
    192
    192
    191
    190
    189
    189
    188
    187
    186
    186
    185
    184
    183
    183
    182
    181
    180
    180
    179
    178
    178
    177
    176
    175
    175
    174
    173
    173
    172
    171
    170
    170
    169
    168
    168
    167
    166
    166
    165
    164
    164
    163
    162
    162
    161
    160
    160
    159
    158
    158
    157
    156
    156
    155
    154
    154
    153
    152
    152
    151
    150
    150
    149
    149
    148
    147
    147
    146
    145
    145
    144
    144
    143
    142
    142
    141
    141
    140
    139
    139
    138
    138
    137
    136
    136
    135
    135
    134
    134
    133
    132
    132
    131
    131
    130
    129
    129
    128
    128
    127
    127
    126
    126
    125
    124
    124
    123
    123
    122
    122
    121
    121
    120
    120
    119
    119
    118
    118
    117
    116
    116
    115
    115
    114
    114
    113
    113
    112
    112
    111
    111
    110
    110
    109
    109
    108
    108
    107
    107
    106
    106
    105
    105
    104
    104
    104
    103
    103
    102
    102
    101
    101
    100
    100
     99
     99
     98
     98
     97
     97
     97
     96
     96
     95
     95
     94
     94
     93
     93
     93
     92
     92
     91
     91
     90
     90
     90
     89
     89
     88
     88
     87
     87
     87
     86
     86
     85
     85
     85
     84
     84
     83
     83
     83
     82
     82
     81
     81
     81
     80
     80
     79
     79
     79
     78
     78
     77
     77
     77
     76
     76
     76
     75
     75
     74
     74
     74
     73
     73
     73
     72
     72
     72
     71
     71
     70
     70
     70
     69
     69
     69
     68
     68
     68
     67
     67
     67
     66
     66
     66
     65
     65
     65
     64
     64
     64
     63
     63
     63
     62
     62
     62
     61
     61
     61
     60
     60
     60
     59
     59
     59
     59
     58
     58
     58
     57
     57
     57
     56
     56
     56
     56
     55
     55
     55
     54
     54
     54
     53
     53
     53
     53
     52
     52
     52
     51
     51
     51
     51
     50
     50
     50
     50
     49
     49
     49
     48
     48
     48
     48
     47
     47
     47
     47
     46
     46
     46
     46
     45
     45
     45
     45
     44
     44
     44
     44
     43
     43
     43
     43
     42
     42
     42
     42
     41
     41
     41
     41
     40
     40
     40
     40
     40
     39
     39
     39
     39
     38
     38
     38
     38
     38
     37
     37
     37
     37
     36
     36
     36
     36
     36
     35
     35
     35
     35
     34
     34
     34
     34
     34
     33
     33
     33
     33
     33
     32
     32
     32
     32
     32
     31
     31
     31
     31
     31
     31
     30
     30
     30
     30
     30
     29
     29
     29
     29
     29
     28
     28
     28
     28
     28
     28
     27
     27
     27
     27
     27
     27
     26
     26
     26
     26
     26
     26
     25
     25
     25
     25
     25
     25
     24
     24
     24
     24
     24
     24
     23
     23
     23
     23
     23
     23
     22
     22
     22
     22
     22
     22
     22
     21
     21
     21
     21
     21
     21
     21
     20
     20
     20
     20
     20
     20
     20
     19
     19
     19
     19
     19
     19
     19
     18
     18
     18
     18
     18
     18
     18
     18
     17
     17
     17
     17
     17
     17
     17
     17
     16
     16
     16
     16
     16
     16
     16
     16
     15
     15
     15
     15
     15
     15
     15
     15
     15
     14
     14
     14
     14
     14
     14
     14
     14
     14
     13
     13
     13
     13
     13
     13
     13
     13
     13
     13
     12
     12
     12
     12
     12
     12
     12
     12
     12
     12
     11
     11
     11
     11
     11
     11
     11
     11
     11
     11
     11
     10
     10
     10
     10
     10
     10
     10
     10
     10
     10
     10
      9
      9
      9
      9
      9
    502
