     67
     10
     10
     11
     12
     13
     14
     14
     15
     16
     17
     18
     19
     21
     22
     23
     24
     26
     27
     28
     30
     31
     33
     35
     36
     38
     40
     42
     44
     46
     48
     50
     52
     54
     57
     59
     62
     64
     67
     70
     73
     76
     79
     82
     85
     88
     92
     95
     99
    103
    107
    111
    115
    119
    123
    128
    132
    137
    141
    146
    151
    157
    162
    167
    173
    179
    185
    191
    197
    203
    210
    216
    223
    230
    237
    245
    252
    260
    268
    276
    284
    292
    301
    310
    319
    328
    337
    347
    357
    367
    377
    387
    398
    409
    420
    432
    443
    455
    467
    480
    492
    505
    518
    532
    545
    559
    573
    588
    603
    618
    633
    649
    665
    681
    697
    714
    731
    749
    767
    785
    803
    822
    841
    861
    880
    900
    921
    942
    963
    985
   1006
   1029
   1051
   1074
   1098
   1122
   1146
   1170
   1195
   1221
   1247
   1273
   1299
   1327
   1354
   1382
   1410
   1439
   1468
   1498
   1528
   1558
   1589
   1621
   1653
   1685
   1718
   1751
   1785
   1819
   1854
   1889
   1925
   1961
   1998
   2035
   2073
   2111
   2150
   2189
   2229
   2269
   2310
   2352
   2394
   2436
   2479
   2523
   2567
   2611
   2657
   2702
   2749
   2796
   2843
   2891
   2940
   2989
   3039
   3089
   3140
   3192
   3244
   3297
   3350
   3404
   3459
   3514
   3570
   3626
   3683
   3741
   3799
   3858
   3917
   3977
   4038
   4100
   4162
   4224
   4288
   4351
   4416
   4481
   4547
   4614
   4681
   4749
   4817
   4886
   4956
   5026
   5097
   5169
   5242
   5315
   5388
   5463
   5538
   5613
   5690
   5767
   5844
   5923
   6002
   6081
   6162
   6243
   6324
   6407
   6490
   6573
   6658
   6743
   6828
   6914
   7001
   7089
   7177
   7266
   7356
   7446
   7537
   7628
   7720
   7813
   7907
   8001
   8095
   8191
   8287
   8383
   8481
   8578
   8677
   8776
   8876
   8976
   9077
   9179
   9281
   9384
   9487
   9591
   9696
   9801
   9907
  10013
  10120
  10228
  10336
  10444
  10554
  10663
  10774
  10884
  10996
  11108
  11220
  11333
  11447
  11561
  11675
  11790
  11906
  12022
  12139
  12256
  12373
  12491
  12610
  12728
  12848
  12968
  13088
  13208
  13329
  13451
  13573
  13695
  13818
  13941
  14064
  14188
  14312
  14437
  14562
  14687
  14813
  14939
  15065
  15191
  15318
  15445
  15573
  15700
  15828
  15956
  16085
  16214
  16342
  16472
  16601
  16730
  16860
  16990
  17120
  17250
  17381
  17511
  17642
  17773
  17904
  18035
  18166
  18297
  18428
  18560
  18691
  18823
  18954
  19086
  19217
  19349
  19480
  19611
  19743
  19874
  20006
  20137
  20268
  20399
  20530
  20661
  20792
  20922
  21053
  21183
  21313
  21443
  21573
  21703
  21832
  21961
  22090
  22219
  22347
  22475
  22603
  22731
  22858
  22985
  23111
  23238
  23363
  23489
  23614
  23739
  23863
  23987
  24111
  24234
  24356
  24479
  24600
  24721
  24842
  24962
  25082
  25201
  25320
  25438
  25555
  25672
  25789
  25904
  26020
  26134
  26248
  26361
  26474
  26586
  26697
  26807
  26917
  27026
  27135
  27242
  27349
  27455
  27561
  27665
  27769
  27872
  27974
  28076
  28176
  28276
  28375
  28473
  28570
  28666
  28761
  28856
  28949
  29042
  29133
  29224
  29314
  29402
  29490
  29577
  29663
  29748
  29831
  29914
  29996
  30077
  30156
  30235
  30312
  30389
  30464
  30539
  30612
  30684
  30755
  30825
  30893
  30961
  31028
  31093
  31157
  31220
  31282
  31342
  31402
  31460
  31517
  31573
  31628
  31681
  31733
  31784
  31834
  31882
  31930
  31976
  32020
  32064
  32106
  32147
  32187
  32225
  32262
  32298
  32333
  32366
  32398
  32428
  32458
  32486
  32512
  32538
  32562
  32585
  32606
  32626
  32645
  32662
  32678
  32693
  32707
  32719
  32729
  32739
  32747
  32754
  32759
  32763
  32766
  32767
  32767
  32766
  32763
  32759
  32754
  32747
  32739
  32729
  32719
  32707
  32693
  32678
  32662
  32645
  32626
  32606
  32585
  32562
  32538
  32512
  32486
  32458
  32428
  32398
  32366
  32333
  32298
  32262
  32225
  32187
  32147
  32106
  32064
  32020
  31976
  31930
  31882
  31834
  31784
  31733
  31681
  31628
  31573
  31517
  31460
  31402
  31342
  31282
  31220
  31157
  31093
  31028
  30961
  30893
  30825
  30755
  30684
  30612
  30539
  30464
  30389
  30312
  30235
  30156
  30077
  29996
  29914
  29831
  29748
  29663
  29577
  29490
  29402
  29314
  29224
  29133
  29042
  28949
  28856
  28761
  28666
  28570
  28473
  28375
  28276
  28176
  28076
  27974
  27872
  27769
  27665
  27561
  27455
  27349
  27242
  27135
  27026
  26917
  26807
  26697
  26586
  26474
  26361
  26248
  26134
  26020
  25904
  25789
  25672
  25555
  25438
  25320
  25201
  25082
  24962
  24842
  24721
  24600
  24479
  24356
  24234
  24111
  23987
  23863
  23739
  23614
  23489
  23363
  23238
  23111
  22985
  22858
  22731
  22603
  22475
  22347
  22219
  22090
  21961
  21832
  21703
  21573
  21443
  21313
  21183
  21053
  20922
  20792
  20661
  20530
  20399
  20268
  20137
  20006
  19874
  19743
  19611
  19480
  19349
  19217
  19086
  18954
  18823
  18691
  18560
  18428
  18297
  18166
  18035
  17904
  17773
  17642
  17511
  17381
  17250
  17120
  16990
  16860
  16730
  16601
  16472
  16342
  16214
  16085
  15956
  15828
  15700
  15573
  15445
  15318
  15191
  15065
  14939
  14813
  14687
  14562
  14437
  14312
  14188
  14064
  13941
  13818
  13695
  13573
  13451
  13329
  13208
  13088
  12968
  12848
  12728
  12610
  12491
  12373
  12256
  12139
  12022
  11906
  11790
  11675
  11561
  11447
  11333
  11220
  11108
  10996
  10884
  10774
  10663
  10554
  10444
  10336
  10228
  10120
  10013
   9907
   9801
   9696
   9591
   9487
   9384
   9281
   9179
   9077
   8976
   8876
   8776
   8677
   8578
   8481
   8383
   8287
   8191
   8095
   8001
   7907
   7813
   7720
   7628
   7537
   7446
   7356
   7266
   7177
   7089
   7001
   6914
   6828
   6743
   6658
   6573
   6490
   6407
   6324
   6243
   6162
   6081
   6002
   5923
   5844
   5767
   5690
   5613
   5538
   5463
   5388
   5315
   5242
   5169
   5097
   5026
   4956
   4886
   4817
   4749
   4681
   4614
   4547
   4481
   4416
   4351
   4288
   4224
   4162
   4100
   4038
   3977
   3917
   3858
   3799
   3741
   3683
   3626
   3570
   3514
   3459
   3404
   3350
   3297
   3244
   3192
   3140
   3089
   3039
   2989
   2940
   2891
   2843
   2796
   2749
   2702
   2657
   2611
   2567
   2523
   2479
   2436
   2394
   2352
   2310
   2269
   2229
   2189
   2150
   2111
   2073
   2035
   1998
   1961
   1925
   1889
   1854
   1819
   1785
   1751
   1718
   1685
   1653
   1621
   1589
   1558
   1528
   1498
   1468
   1439
   1410
   1382
   1354
   1327
   1299
   1273
   1247
   1221
   1195
   1170
   1146
   1122
   1098
   1074
   1051
   1029
   1006
    985
    963
    942
    921
    900
    880
    861
    841
    822
    803
    785
    767
    749
    731
    714
    697
    681
    665
    649
    633
    618
    603
    588
    573
    559
    545
    532
    518
    505
    492
    480
    467
    455
    443
    432
    420
    409
    398
    387
    377
    367
    357
    347
    337
    328
    319
    310
    301
    292
    284
    276
    268
    260
    252
    245
    237
    230
    223
    216
    210
    203
    197
    191
    185
    179
    173
    167
    162
    157
    151
    146
    141
    137
    132
    128
    123
    119
    115
    111
    107
    103
     99
     95
     92
     88
     85
     82
     79
     76
     73
     70
     67
     64
     62
     59
     57
     54
     52
     50
     48
     46
     44
     42
     40
     38
     36
     35
     33
     31
     30
     28
     27
     26
     24
     23
     22
     21
     19
     18
     17
     16
     15
     14
     14
     13
     12
     11
     10
     10
     67
