    253
      9
      9
     10
     10
     10
     10
     10
     10
     11
     11
     11
     11
     11
     12
     12
     12
     12
     12
     13
     13
     13
     13
     13
     14
     14
     14
     14
     14
     15
     15
     15
     15
     16
     16
     16
     16
     17
     17
     17
     17
     18
     18
     18
     18
     19
     19
     19
     19
     20
     20
     20
     21
     21
     21
     21
     22
     22
     22
     23
     23
     23
     24
     24
     24
     25
     25
     25
     26
     26
     26
     27
     27
     27
     28
     28
     28
     29
     29
     29
     30
     30
     31
     31
     31
     32
     32
     32
     33
     33
     34
     34
     35
     35
     35
     36
     36
     37
     37
     38
     38
     38
     39
     39
     40
     40
     41
     41
     42
     42
     43
     43
     44
     44
     45
     45
     46
     46
     47
     47
     48
     48
     49
     49
     50
     50
     51
     51
     52
     53
     53
     54
     54
     55
     56
     56
     57
     57
     58
     59
     59
     60
     60
     61
     62
     62
     63
     64
     64
     65
     66
     66
     67
     68
     68
     69
     70
     70
     71
     72
     73
     73
     74
     75
     76
     76
     77
     78
     79
     79
     80
     81
     82
     83
     83
     84
     85
     86
     87
     87
     88
     89
     90
     91
     92
     93
     93
     94
     95
     96
     97
     98
     99
    100
    101
    102
    103
    104
    104
    105
    106
    107
    108
    109
    110
    111
    112
    113
    114
    115
    116
    118
    119
    120
    121
    122
    123
    124
    125
    126
    127
    128
    130
    131
    132
    133
    134
    135
    136
    138
    139
    140
    141
    142
    144
    145
    146
    147
    149
    150
    151
    152
    154
    155
    156
    158
    159
    160
    162
    163
    164
    166
    167
    168
    170
    171
    173
    174
    175
    177
    178
    180
    181
    183
    184
    186
    187
    189
    190
    192
    193
    195
    196
    198
    200
    201
    203
    204
    206
    208
    209
    211
    213
    214
    216
    218
    219
    221
    223
    224
    226
    228
    230
    231
    233
    235
    237
    239
    240
    242
    244
    246
    248
    250
    252
    253
    255
    257
    259
    261
    263
    265
    267
    269
    271
    273
    275
    277
    279
    281
    283
    285
    287
    289
    292
    294
    296
    298
    300
    302
    305
    307
    309
    311
    313
    316
    318
    320
    323
    325
    327
    329
    332
    334
    337
    339
    341
    344
    346
    349
    351
    353
    356
    358
    361
    363
    366
    368
    371
    374
    376
    379
    381
    384
    387
    389
    392
    395
    397
    400
    403
    405
    408
    411
    414
    417
    419
    422
    425
    428
    431
    434
    436
    439
    442
    445
    448
    451
    454
    457
    460
    463
    466
    469
    472
    475
    479
    482
    485
    488
    491
    494
    498
    501
    504
    507
    511
    514
    517
    520
    524
    527
    530
    534
    537
    541
    544
    548
    551
    555
    558
    562
    565
    569
    572
    576
    579
    583
    587
    590
    594
    598
    601
    605
    609
    613
    616
    620
    624
    628
    632
    636
    639
    643
    647
    651
    655
    659
    663
    667
    671
    675
    679
    684
    688
    692
    696
    700
    704
    708
    713
    717
    721
    726
    730
    734
    738
    743
    747
    752
    756
    761
    765
    769
    774
    779
    783
    788
    792
    797
    801
    806
    811
    815
    820
    825
    830
    834
    839
    844
    849
    854
    859
    864
    868
    873
    878
    883
    888
    893
    898
    904
    909
    914
    919
    924
    929
    934
    940
    945
    950
    955
    961
    966
    971
    977
    982
    988
    993
    999
   1004
   1010
   1015
   1021
   1026
   1032
   1038
   1043
   1049
   1055
   1060
   1066
   1072
   1078
   1084
   1089
   1095
   1101
   1107
   1113
   1119
   1125
   1131
   1137
   1143
   1149
   1155
   1162
   1168
   1174
   1180
   1186
   1193
   1199
   1205
   1212
   1218
   1224
   1231
   1237
   1244
   1250
   1257
   1263
   1270
   1277
   1283
   1290
   1296
   1303
   1310
   1317
   1323
   1330
   1337
   1344
   1351
   1358
   1365
   1372
   1379
   1386
   1393
   1400
   1407
   1414
   1421
   1428
   1436
   1443
   1450
   1457
   1465
   1472
   1479
   1487
   1494
   1502
   1509
   1517
   1524
   1532
   1539
   1547
   1555
   1562
   1570
   1578
   1586
   1593
   1601
   1609
   1617
   1625
   1633
   1641
   1649
   1657
   1665
   1673
   1681
   1689
   1697
   1706
   1714
   1722
   1730
   1739
   1747
   1755
   1764
   1772
   1781
   1789
   1798
   1806
   1815
   1824
   1832
   1841
   1850
   1858
   1867
   1876
   1885
   1894
   1903
   1911
   1920
   1929
   1938
   1948
   1957
   1966
   1975
   1984
   1993
   2002
   2012
   2021
   2030
   2040
   2049
   2059
   2068
   2078
   2087
   2097
   2106
   2116
   2125
   2135
   2145
   2155
   2164
   2174
   2184
   2194
   2204
   2214
   2224
   2234
   2244
   2254
   2264
   2274
   2284
   2295
   2305
   2315
   2325
   2336
   2346
   2356
   2367
   2377
   2388
   2398
   2409
   2420
   2430
   2441
   2452
   2462
   2473
   2484
   2495
   2506
   2517
   2528
   2539
   2550
   2561
   2572
   2583
   2594
   2605
   2616
   2628
   2639
   2650
   2662
   2673
   2684
   2696
   2707
   2719
   2731
   2742
   2754
   2766
   2777
   2789
   2801
   2813
   2824
   2836
   2848
   2860
   2872
   2884
   2896
   2909
   2921
   2933
   2945
   2957
   2970
   2982
   2994
   3007
   3019
   3032
   3044
   3057
   3069
   3082
   3095
   3107
   3120
   3133
   3146
   3158
   3171
   3184
   3197
   3210
   3223
   3236
   3249
   3262
   3276
   3289
   3302
   3315
   3329
   3342
   3355
   3369
   3382
   3396
   3409
   3423
   3437
   3450
   3464
   3478
   3492
   3505
   3519
   3533
   3547
   3561
   3575
   3589
   3603
   3617
   3631
   3646
   3660
   3674
   3689
   3703
   3717
   3732
   3746
   3761
   3775
   3790
   3804
   3819
   3834
   3849
   3863
   3878
   3893
   3908
   3923
   3938
   3953
   3968
   3983
   3998
   4013
   4029
   4044
   4059
   4074
   4090
   4105
   4121
   4136
   4152
   4167
   4183
   4198
   4214
   4230
   4246
   4261
   4277
   4293
   4309
   4325
   4341
   4357
   4373
   4389
   4406
   4422
   4438
   4454
   4471
   4487
   4503
   4520
   4536
   4553
   4569
   4586
   4603
   4619
   4636
   4653
   4670
   4687
   4703
   4720
   4737
   4754
   4771
   4789
   4806
   4823
   4840
   4857
   4875
   4892
   4909
   4927
   4944
   4962
   4979
   4997
   5014
   5032
   5050
   5068
   5085
   5103
   5121
   5139
   5157
   5175
   5193
   5211
   5229
   5247
   5266
   5284
   5302
   5320
   5339
   5357
   5376
   5394
   5413
   5431
   5450
   5468
   5487
   5506
   5525
   5543
   5562
   5581
   5600
   5619
   5638
   5657
   5676
   5696
   5715
   5734
   5753
   5773
   5792
   5811
   5831
   5850
   5870
   5889
   5909
   5928
   5948
   5968
   5988
   6007
   6027
   6047
   6067
   6087
   6107
   6127
   6147
   6167
   6188
   6208
   6228
   6248
   6269
   6289
   6310
   6330
   6351
   6371
   6392
   6412
   6433
   6454
   6475
   6495
   6516
   6537
   6558
   6579
   6600
   6621
   6642
   6663
   6684
   6706
   6727
   6748
   6769
   6791
   6812
   6834
   6855
   6877
   6898
   6920
   6942
   6963
   6985
   7007
   7029
   7051
   7073
   7094
   7116
   7138
   7161
   7183
   7205
   7227
   7249
   7272
   7294
   7316
   7339
   7361
   7384
   7406
   7429
   7451
   7474
   7497
   7519
   7542
   7565
   7588
   7611
   7634
   7657
   7680
   7703
   7726
   7749
   7772
   7795
   7818
   7842
   7865
   7888
   7912
   7935
   7959
   7982
   8006
   8029
   8053
   8077
   8101
   8124
   8148
   8172
   8196
   8220
   8244
   8268
   8292
   8316
   8340
   8364
   8388
   8413
   8437
   8461
   8486
   8510
   8534
   8559
   8583
   8608
   8633
   8657
   8682
   8707
   8731
   8756
   8781
   8806
   8831
   8856
   8881
   8906
   8931
   8956
   8981
   9006
   9031
   9057
   9082
   9107
   9133
   9158
   9184
   9209
   9235
   9260
   9286
   9311
   9337
   9363
   9389
   9414
   9440
   9466
   9492
   9518
   9544
   9570
   9596
   9622
   9648
   9674
   9700
   9727
   9753
   9779
   9806
   9832
   9858
   9885
   9911
   9938
   9964
   9991
  10018
  10044
  10071
  10098
  10124
  10151
  10178
  10205
  10232
  10259
  10286
  10313
  10340
  10367
  10394
  10421
  10448
  10476
  10503
  10530
  10558
  10585
  10612
  10640
  10667
  10695
  10722
  10750
  10778
  10805
  10833
  10861
  10888
  10916
  10944
  10972
  11000
  11028
  11056
  11084
  11112
  11140
  11168
  11196
  11224
  11252
  11280
  11309
  11337
  11365
  11394
  11422
  11450
  11479
  11507
  11536
  11564
  11593
  11622
  11650
  11679
  11708
  11736
  11765
  11794
  11823
  11852
  11880
  11909
  11938
  11967
  11996
  12025
  12054
  12084
  12113
  12142
  12171
  12200
  12230
  12259
  12288
  12317
  12347
  12376
  12406
  12435
  12465
  12494
  12524
  12553
  12583
  12612
  12642
  12672
  12702
  12731
  12761
  12791
  12821
  12851
  12880
  12910
  12940
  12970
  13000
  13030
  13060
  13090
  13120
  13151
  13181
  13211
  13241
  13271
  13302
  13332
  13362
  13393
  13423
  13453
  13484
  13514
  13545
  13575
  13606
  13636
  13667
  13697
  13728
  13759
  13789
  13820
  13851
  13881
  13912
  13943
  13974
  14005
  14035
  14066
  14097
  14128
  14159
  14190
  14221
  14252
  14283
  14314
  14345
  14376
  14408
  14439
  14470
  14501
  14532
  14564
  14595
  14626
  14657
  14689
  14720
  14751
  14783
  14814
  14846
  14877
  14908
  14940
  14971
  15003
  15035
  15066
  15098
  15129
  15161
  15193
  15224
  15256
  15288
  15319
  15351
  15383
  15415
  15446
  15478
  15510
  15542
  15574
  15605
  15637
  15669
  15701
  15733
  15765
  15797
  15829
  15861
  15893
  15925
  15957
  15989
  16021
  16053
  16086
  16118
  16150
  16182
  16214
  16246
  16278
  16311
  16343
  16375
  16407
  16440
  16472
  16504
  16537
  16569
  16601
  16634
  16666
  16698
  16731
  16763
  16795
  16828
  16860
  16893
  16925
  16958
  16990
  17023
  17055
  17088
  17120
  17153
  17185
  17218
  17250
  17283
  17315
  17348
  17381
  17413
  17446
  17478
  17511
  17544
  17576
  17609
  17642
  17674
  17707
  17740
  17772
  17805
  17838
  17870
  17903
  17936
  17969
  18001
  18034
  18067
  18100
  18132
  18165
  18198
  18231
  18263
  18296
  18329
  18362
  18395
  18427
  18460
  18493
  18526
  18559
  18591
  18624
  18657
  18690
  18723
  18756
  18788
  18821
  18854
  18887
  18920
  18953
  18985
  19018
  19051
  19084
  19117
  19150
  19183
  19215
  19248
  19281
  19314
  19347
  19380
  19412
  19445
  19478
  19511
  19544
  19577
  19610
  19642
  19675
  19708
  19741
  19774
  19807
  19839
  19872
  19905
  19938
  19971
  20003
  20036
  20069
  20102
  20135
  20167
  20200
  20233
  20266
  20298
  20331
  20364
  20397
  20429
  20462
  20495
  20528
  20560
  20593
  20626
  20658
  20691
  20724
  20756
  20789
  20822
  20854
  20887
  20920
  20952
  20985
  21017
  21050
  21082
  21115
  21148
  21180
  21213
  21245
  21278
  21310
  21343
  21375
  21408
  21440
  21473
  21505
  21537
  21570
  21602
  21635
  21667
  21699
  21732
  21764
  21796
  21829
  21861
  21893
  21925
  21958
  21990
  22022
  22054
  22086
  22119
  22151
  22183
  22215
  22247
  22279
  22311
  22343
  22375
  22407
  22439
  22471
  22503
  22535
  22567
  22599
  22631
  22663
  22695
  22727
  22758
  22790
  22822
  22854
  22885
  22917
  22949
  22981
  23012
  23044
  23075
  23107
  23139
  23170
  23202
  23233
  23265
  23296
  23328
  23359
  23390
  23422
  23453
  23484
  23516
  23547
  23578
  23610
  23641
  23672
  23703
  23734
  23765
  23796
  23827
  23858
  23889
  23920
  23951
  23982
  24013
  24044
  24075
  24106
  24137
  24167
  24198
  24229
  24259
  24290
  24321
  24351
  24382
  24412
  24443
  24473
  24504
  24534
  24565
  24595
  24625
  24656
  24686
  24716
  24746
  24777
  24807
  24837
  24867
  24897
  24927
  24957
  24987
  25017
  25047
  25077
  25107
  25136
  25166
  25196
  25226
  25255
  25285
  25314
  25344
  25373
  25403
  25432
  25462
  25491
  25521
  25550
  25579
  25608
  25638
  25667
  25696
  25725
  25754
  25783
  25812
  25841
  25870
  25899
  25927
  25956
  25985
  26014
  26042
  26071
  26100
  26128
  26157
  26185
  26214
  26242
  26270
  26299
  26327
  26355
  26383
  26412
  26440
  26468
  26496
  26524
  26552
  26580
  26607
  26635
  26663
  26691
  26718
  26746
  26774
  26801
  26829
  26856
  26884
  26911
  26938
  26966
  26993
  27020
  27047
  27074
  27101
  27128
  27155
  27182
  27209
  27236
  27263
  27290
  27316
  27343
  27369
  27396
  27423
  27449
  27475
  27502
  27528
  27554
  27581
  27607
  27633
  27659
  27685
  27711
  27737
  27763
  27788
  27814
  27840
  27866
  27891
  27917
  27942
  27968
  27993
  28019
  28044
  28069
  28094
  28119
  28145
  28170
  28195
  28220
  28244
  28269
  28294
  28319
  28343
  28368
  28393
  28417
  28442
  28466
  28490
  28515
  28539
  28563
  28587
  28611
  28635
  28659
  28683
  28707
  28731
  28755
  28778
  28802
  28825
  28849
  28872
  28896
  28919
  28942
  28966
  28989
  29012
  29035
  29058
  29081
  29104
  29127
  29149
  29172
  29195
  29217
  29240
  29262
  29285
  29307
  29329
  29352
  29374
  29396
  29418
  29440
  29462
  29484
  29505
  29527
  29549
  29570
  29592
  29613
  29635
  29656
  29678
  29699
  29720
  29741
  29762
  29783
  29804
  29825
  29846
  29866
  29887
  29908
  29928
  29949
  29969
  29989
  30010
  30030
  30050
  30070
  30090
  30110
  30130
  30150
  30170
  30189
  30209
  30228
  30248
  30267
  30287
  30306
  30325
  30344
  30364
  30383
  30401
  30420
  30439
  30458
  30477
  30495
  30514
  30532
  30551
  30569
  30587
  30606
  30624
  30642
  30660
  30678
  30696
  30713
  30731
  30749
  30766
  30784
  30801
  30819
  30836
  30853
  30870
  30887
  30904
  30921
  30938
  30955
  30972
  30988
  31005
  31022
  31038
  31054
  31071
  31087
  31103
  31119
  31135
  31151
  31167
  31183
  31198
  31214
  31230
  31245
  31261
  31276
  31291
  31306
  31322
  31337
  31352
  31367
  31381
  31396
  31411
  31426
  31440
  31455
  31469
  31483
  31497
  31512
  31526
  31540
  31554
  31568
  31581
  31595
  31609
  31622
  31636
  31649
  31663
  31676
  31689
  31702
  31715
  31728
  31741
  31754
  31766
  31779
  31792
  31804
  31817
  31829
  31841
  31853
  31865
  31878
  31889
  31901
  31913
  31925
  31936
  31948
  31960
  31971
  31982
  31994
  32005
  32016
  32027
  32038
  32049
  32059
  32070
  32081
  32091
  32102
  32112
  32122
  32133
  32143
  32153
  32163
  32173
  32182
  32192
  32202
  32211
  32221
  32230
  32240
  32249
  32258
  32267
  32276
  32285
  32294
  32303
  32312
  32320
  32329
  32337
  32346
  32354
  32362
  32370
  32378
  32386
  32394
  32402
  32410
  32417
  32425
  32432
  32440
  32447
  32454
  32462
  32469
  32476
  32482
  32489
  32496
  32503
  32509
  32516
  32522
  32529
  32535
  32541
  32547
  32553
  32559
  32565
  32571
  32576
  32582
  32587
  32593
  32598
  32603
  32609
  32614
  32619
  32624
  32629
  32633
  32638
  32643
  32647
  32652
  32656
  32660
  32664
  32668
  32672
  32676
  32680
  32684
  32688
  32691
  32695
  32698
  32702
  32705
  32708
  32711
  32714
  32717
  32720
  32723
  32725
  32728
  32731
  32733
  32735
  32738
  32740
  32742
  32744
  32746
  32748
  32749
  32751
  32753
  32754
  32756
  32757
  32758
  32759
  32760
  32761
  32762
  32763
  32764
  32765
  32765
  32766
  32766
  32766
  32767
  32767
  32767
  32767
  32767
  32767
  32766
  32766
  32766
  32765
  32765
  32764
  32763
  32762
  32761
  32760
  32759
  32758
  32757
  32756
  32754
  32753
  32751
  32749
  32748
  32746
  32744
  32742
  32740
  32738
  32735
  32733
  32731
  32728
  32725
  32723
  32720
  32717
  32714
  32711
  32708
  32705
  32702
  32698
  32695
  32691
  32688
  32684
  32680
  32676
  32672
  32668
  32664
  32660
  32656
  32652
  32647
  32643
  32638
  32633
  32629
  32624
  32619
  32614
  32609
  32603
  32598
  32593
  32587
  32582
  32576
  32571
  32565
  32559
  32553
  32547
  32541
  32535
  32529
  32522
  32516
  32509
  32503
  32496
  32489
  32482
  32476
  32469
  32462
  32454
  32447
  32440
  32432
  32425
  32417
  32410
  32402
  32394
  32386
  32378
  32370
  32362
  32354
  32346
  32337
  32329
  32320
  32312
  32303
  32294
  32285
  32276
  32267
  32258
  32249
  32240
  32230
  32221
  32211
  32202
  32192
  32182
  32173
  32163
  32153
  32143
  32133
  32122
  32112
  32102
  32091
  32081
  32070
  32059
  32049
  32038
  32027
  32016
  32005
  31994
  31982
  31971
  31960
  31948
  31936
  31925
  31913
  31901
  31889
  31878
  31865
  31853
  31841
  31829
  31817
  31804
  31792
  31779
  31766
  31754
  31741
  31728
  31715
  31702
  31689
  31676
  31663
  31649
  31636
  31622
  31609
  31595
  31581
  31568
  31554
  31540
  31526
  31512
  31497
  31483
  31469
  31455
  31440
  31426
  31411
  31396
  31381
  31367
  31352
  31337
  31322
  31306
  31291
  31276
  31261
  31245
  31230
  31214
  31198
  31183
  31167
  31151
  31135
  31119
  31103
  31087
  31071
  31054
  31038
  31022
  31005
  30988
  30972
  30955
  30938
  30921
  30904
  30887
  30870
  30853
  30836
  30819
  30801
  30784
  30766
  30749
  30731
  30713
  30696
  30678
  30660
  30642
  30624
  30606
  30587
  30569
  30551
  30532
  30514
  30495
  30477
  30458
  30439
  30420
  30401
  30383
  30364
  30344
  30325
  30306
  30287
  30267
  30248
  30228
  30209
  30189
  30170
  30150
  30130
  30110
  30090
  30070
  30050
  30030
  30010
  29989
  29969
  29949
  29928
  29908
  29887
  29866
  29846
  29825
  29804
  29783
  29762
  29741
  29720
  29699
  29678
  29656
  29635
  29613
  29592
  29570
  29549
  29527
  29505
  29484
  29462
  29440
  29418
  29396
  29374
  29352
  29329
  29307
  29285
  29262
  29240
  29217
  29195
  29172
  29149
  29127
  29104
  29081
  29058
  29035
  29012
  28989
  28966
  28942
  28919
  28896
  28872
  28849
  28825
  28802
  28778
  28755
  28731
  28707
  28683
  28659
  28635
  28611
  28587
  28563
  28539
  28515
  28490
  28466
  28442
  28417
  28393
  28368
  28343
  28319
  28294
  28269
  28244
  28220
  28195
  28170
  28145
  28119
  28094
  28069
  28044
  28019
  27993
  27968
  27942
  27917
  27891
  27866
  27840
  27814
  27788
  27763
  27737
  27711
  27685
  27659
  27633
  27607
  27581
  27554
  27528
  27502
  27475
  27449
  27423
  27396
  27369
  27343
  27316
  27290
  27263
  27236
  27209
  27182
  27155
  27128
  27101
  27074
  27047
  27020
  26993
  26966
  26938
  26911
  26884
  26856
  26829
  26801
  26774
  26746
  26718
  26691
  26663
  26635
  26607
  26580
  26552
  26524
  26496
  26468
  26440
  26412
  26383
  26355
  26327
  26299
  26270
  26242
  26214
  26185
  26157
  26128
  26100
  26071
  26042
  26014
  25985
  25956
  25927
  25899
  25870
  25841
  25812
  25783
  25754
  25725
  25696
  25667
  25638
  25608
  25579
  25550
  25521
  25491
  25462
  25432
  25403
  25373
  25344
  25314
  25285
  25255
  25226
  25196
  25166
  25136
  25107
  25077
  25047
  25017
  24987
  24957
  24927
  24897
  24867
  24837
  24807
  24777
  24746
  24716
  24686
  24656
  24625
  24595
  24565
  24534
  24504
  24473
  24443
  24412
  24382
  24351
  24321
  24290
  24259
  24229
  24198
  24167
  24137
  24106
  24075
  24044
  24013
  23982
  23951
  23920
  23889
  23858
  23827
  23796
  23765
  23734
  23703
  23672
  23641
  23610
  23578
  23547
  23516
  23484
  23453
  23422
  23390
  23359
  23328
  23296
  23265
  23233
  23202
  23170
  23139
  23107
  23075
  23044
  23012
  22981
  22949
  22917
  22885
  22854
  22822
  22790
  22758
  22727
  22695
  22663
  22631
  22599
  22567
  22535
  22503
  22471
  22439
  22407
  22375
  22343
  22311
  22279
  22247
  22215
  22183
  22151
  22119
  22086
  22054
  22022
  21990
  21958
  21925
  21893
  21861
  21829
  21796
  21764
  21732
  21699
  21667
  21635
  21602
  21570
  21537
  21505
  21473
  21440
  21408
  21375
  21343
  21310
  21278
  21245
  21213
  21180
  21148
  21115
  21082
  21050
  21017
  20985
  20952
  20920
  20887
  20854
  20822
  20789
  20756
  20724
  20691
  20658
  20626
  20593
  20560
  20528
  20495
  20462
  20429
  20397
  20364
  20331
  20298
  20266
  20233
  20200
  20167
  20135
  20102
  20069
  20036
  20003
  19971
  19938
  19905
  19872
  19839
  19807
  19774
  19741
  19708
  19675
  19642
  19610
  19577
  19544
  19511
  19478
  19445
  19412
  19380
  19347
  19314
  19281
  19248
  19215
  19183
  19150
  19117
  19084
  19051
  19018
  18985
  18953
  18920
  18887
  18854
  18821
  18788
  18756
  18723
  18690
  18657
  18624
  18591
  18559
  18526
  18493
  18460
  18427
  18395
  18362
  18329
  18296
  18263
  18231
  18198
  18165
  18132
  18100
  18067
  18034
  18001
  17969
  17936
  17903
  17870
  17838
  17805
  17772
  17740
  17707
  17674
  17642
  17609
  17576
  17544
  17511
  17478
  17446
  17413
  17381
  17348
  17315
  17283
  17250
  17218
  17185
  17153
  17120
  17088
  17055
  17023
  16990
  16958
  16925
  16893
  16860
  16828
  16795
  16763
  16731
  16698
  16666
  16634
  16601
  16569
  16537
  16504
  16472
  16440
  16407
  16375
  16343
  16311
  16278
  16246
  16214
  16182
  16150
  16118
  16086
  16053
  16021
  15989
  15957
  15925
  15893
  15861
  15829
  15797
  15765
  15733
  15701
  15669
  15637
  15605
  15574
  15542
  15510
  15478
  15446
  15415
  15383
  15351
  15319
  15288
  15256
  15224
  15193
  15161
  15129
  15098
  15066
  15035
  15003
  14971
  14940
  14908
  14877
  14846
  14814
  14783
  14751
  14720
  14689
  14657
  14626
  14595
  14564
  14532
  14501
  14470
  14439
  14408
  14376
  14345
  14314
  14283
  14252
  14221
  14190
  14159
  14128
  14097
  14066
  14035
  14005
  13974
  13943
  13912
  13881
  13851
  13820
  13789
  13759
  13728
  13697
  13667
  13636
  13606
  13575
  13545
  13514
  13484
  13453
  13423
  13393
  13362
  13332
  13302
  13271
  13241
  13211
  13181
  13151
  13120
  13090
  13060
  13030
  13000
  12970
  12940
  12910
  12880
  12851
  12821
  12791
  12761
  12731
  12702
  12672
  12642
  12612
  12583
  12553
  12524
  12494
  12465
  12435
  12406
  12376
  12347
  12317
  12288
  12259
  12230
  12200
  12171
  12142
  12113
  12084
  12054
  12025
  11996
  11967
  11938
  11909
  11880
  11852
  11823
  11794
  11765
  11736
  11708
  11679
  11650
  11622
  11593
  11564
  11536
  11507
  11479
  11450
  11422
  11394
  11365
  11337
  11309
  11280
  11252
  11224
  11196
  11168
  11140
  11112
  11084
  11056
  11028
  11000
  10972
  10944
  10916
  10888
  10861
  10833
  10805
  10778
  10750
  10722
  10695
  10667
  10640
  10612
  10585
  10558
  10530
  10503
  10476
  10448
  10421
  10394
  10367
  10340
  10313
  10286
  10259
  10232
  10205
  10178
  10151
  10124
  10098
  10071
  10044
  10018
   9991
   9964
   9938
   9911
   9885
   9858
   9832
   9806
   9779
   9753
   9727
   9700
   9674
   9648
   9622
   9596
   9570
   9544
   9518
   9492
   9466
   9440
   9414
   9389
   9363
   9337
   9311
   9286
   9260
   9235
   9209
   9184
   9158
   9133
   9107
   9082
   9057
   9031
   9006
   8981
   8956
   8931
   8906
   8881
   8856
   8831
   8806
   8781
   8756
   8731
   8707
   8682
   8657
   8633
   8608
   8583
   8559
   8534
   8510
   8486
   8461
   8437
   8413
   8388
   8364
   8340
   8316
   8292
   8268
   8244
   8220
   8196
   8172
   8148
   8124
   8101
   8077
   8053
   8029
   8006
   7982
   7959
   7935
   7912
   7888
   7865
   7842
   7818
   7795
   7772
   7749
   7726
   7703
   7680
   7657
   7634
   7611
   7588
   7565
   7542
   7519
   7497
   7474
   7451
   7429
   7406
   7384
   7361
   7339
   7316
   7294
   7272
   7249
   7227
   7205
   7183
   7161
   7138
   7116
   7094
   7073
   7051
   7029
   7007
   6985
   6963
   6942
   6920
   6898
   6877
   6855
   6834
   6812
   6791
   6769
   6748
   6727
   6706
   6684
   6663
   6642
   6621
   6600
   6579
   6558
   6537
   6516
   6495
   6475
   6454
   6433
   6412
   6392
   6371
   6351
   6330
   6310
   6289
   6269
   6248
   6228
   6208
   6188
   6167
   6147
   6127
   6107
   6087
   6067
   6047
   6027
   6007
   5988
   5968
   5948
   5928
   5909
   5889
   5870
   5850
   5831
   5811
   5792
   5773
   5753
   5734
   5715
   5696
   5676
   5657
   5638
   5619
   5600
   5581
   5562
   5543
   5525
   5506
   5487
   5468
   5450
   5431
   5413
   5394
   5376
   5357
   5339
   5320
   5302
   5284
   5266
   5247
   5229
   5211
   5193
   5175
   5157
   5139
   5121
   5103
   5085
   5068
   5050
   5032
   5014
   4997
   4979
   4962
   4944
   4927
   4909
   4892
   4875
   4857
   4840
   4823
   4806
   4789
   4771
   4754
   4737
   4720
   4703
   4687
   4670
   4653
   4636
   4619
   4603
   4586
   4569
   4553
   4536
   4520
   4503
   4487
   4471
   4454
   4438
   4422
   4406
   4389
   4373
   4357
   4341
   4325
   4309
   4293
   4277
   4261
   4246
   4230
   4214
   4198
   4183
   4167
   4152
   4136
   4121
   4105
   4090
   4074
   4059
   4044
   4029
   4013
   3998
   3983
   3968
   3953
   3938
   3923
   3908
   3893
   3878
   3863
   3849
   3834
   3819
   3804
   3790
   3775
   3761
   3746
   3732
   3717
   3703
   3689
   3674
   3660
   3646
   3631
   3617
   3603
   3589
   3575
   3561
   3547
   3533
   3519
   3505
   3492
   3478
   3464
   3450
   3437
   3423
   3409
   3396
   3382
   3369
   3355
   3342
   3329
   3315
   3302
   3289
   3276
   3262
   3249
   3236
   3223
   3210
   3197
   3184
   3171
   3158
   3146
   3133
   3120
   3107
   3095
   3082
   3069
   3057
   3044
   3032
   3019
   3007
   2994
   2982
   2970
   2957
   2945
   2933
   2921
   2909
   2896
   2884
   2872
   2860
   2848
   2836
   2824
   2813
   2801
   2789
   2777
   2766
   2754
   2742
   2731
   2719
   2707
   2696
   2684
   2673
   2662
   2650
   2639
   2628
   2616
   2605
   2594
   2583
   2572
   2561
   2550
   2539
   2528
   2517
   2506
   2495
   2484
   2473
   2462
   2452
   2441
   2430
   2420
   2409
   2398
   2388
   2377
   2367
   2356
   2346
   2336
   2325
   2315
   2305
   2295
   2284
   2274
   2264
   2254
   2244
   2234
   2224
   2214
   2204
   2194
   2184
   2174
   2164
   2155
   2145
   2135
   2125
   2116
   2106
   2097
   2087
   2078
   2068
   2059
   2049
   2040
   2030
   2021
   2012
   2002
   1993
   1984
   1975
   1966
   1957
   1948
   1938
   1929
   1920
   1911
   1903
   1894
   1885
   1876
   1867
   1858
   1850
   1841
   1832
   1824
   1815
   1806
   1798
   1789
   1781
   1772
   1764
   1755
   1747
   1739
   1730
   1722
   1714
   1706
   1697
   1689
   1681
   1673
   1665
   1657
   1649
   1641
   1633
   1625
   1617
   1609
   1601
   1593
   1586
   1578
   1570
   1562
   1555
   1547
   1539
   1532
   1524
   1517
   1509
   1502
   1494
   1487
   1479
   1472
   1465
   1457
   1450
   1443
   1436
   1428
   1421
   1414
   1407
   1400
   1393
   1386
   1379
   1372
   1365
   1358
   1351
   1344
   1337
   1330
   1323
   1317
   1310
   1303
   1296
   1290
   1283
   1277
   1270
   1263
   1257
   1250
   1244
   1237
   1231
   1224
   1218
   1212
   1205
   1199
   1193
   1186
   1180
   1174
   1168
   1162
   1155
   1149
   1143
   1137
   1131
   1125
   1119
   1113
   1107
   1101
   1095
   1089
   1084
   1078
   1072
   1066
   1060
   1055
   1049
   1043
   1038
   1032
   1026
   1021
   1015
   1010
   1004
    999
    993
    988
    982
    977
    971
    966
    961
    955
    950
    945
    940
    934
    929
    924
    919
    914
    909
    904
    898
    893
    888
    883
    878
    873
    868
    864
    859
    854
    849
    844
    839
    834
    830
    825
    820
    815
    811
    806
    801
    797
    792
    788
    783
    779
    774
    769
    765
    761
    756
    752
    747
    743
    738
    734
    730
    726
    721
    717
    713
    708
    704
    700
    696
    692
    688
    684
    679
    675
    671
    667
    663
    659
    655
    651
    647
    643
    639
    636
    632
    628
    624
    620
    616
    613
    609
    605
    601
    598
    594
    590
    587
    583
    579
    576
    572
    569
    565
    562
    558
    555
    551
    548
    544
    541
    537
    534
    530
    527
    524
    520
    517
    514
    511
    507
    504
    501
    498
    494
    491
    488
    485
    482
    479
    475
    472
    469
    466
    463
    460
    457
    454
    451
    448
    445
    442
    439
    436
    434
    431
    428
    425
    422
    419
    417
    414
    411
    408
    405
    403
    400
    397
    395
    392
    389
    387
    384
    381
    379
    376
    374
    371
    368
    366
    363
    361
    358
    356
    353
    351
    349
    346
    344
    341
    339
    337
    334
    332
    329
    327
    325
    323
    320
    318
    316
    313
    311
    309
    307
    305
    302
    300
    298
    296
    294
    292
    289
    287
    285
    283
    281
    279
    277
    275
    273
    271
    269
    267
    265
    263
    261
    259
    257
    255
    253
    252
    250
    248
    246
    244
    242
    240
    239
    237
    235
    233
    231
    230
    228
    226
    224
    223
    221
    219
    218
    216
    214
    213
    211
    209
    208
    206
    204
    203
    201
    200
    198
    196
    195
    193
    192
    190
    189
    187
    186
    184
    183
    181
    180
    178
    177
    175
    174
    173
    171
    170
    168
    167
    166
    164
    163
    162
    160
    159
    158
    156
    155
    154
    152
    151
    150
    149
    147
    146
    145
    144
    142
    141
    140
    139
    138
    136
    135
    134
    133
    132
    131
    130
    128
    127
    126
    125
    124
    123
    122
    121
    120
    119
    118
    116
    115
    114
    113
    112
    111
    110
    109
    108
    107
    106
    105
    104
    104
    103
    102
    101
    100
     99
     98
     97
     96
     95
     94
     93
     93
     92
     91
     90
     89
     88
     87
     87
     86
     85
     84
     83
     83
     82
     81
     80
     79
     79
     78
     77
     76
     76
     75
     74
     73
     73
     72
     71
     70
     70
     69
     68
     68
     67
     66
     66
     65
     64
     64
     63
     62
     62
     61
     60
     60
     59
     59
     58
     57
     57
     56
     56
     55
     54
     54
     53
     53
     52
     51
     51
     50
     50
     49
     49
     48
     48
     47
     47
     46
     46
     45
     45
     44
     44
     43
     43
     42
     42
     41
     41
     40
     40
     39
     39
     38
     38
     38
     37
     37
     36
     36
     35
     35
     35
     34
     34
     33
     33
     32
     32
     32
     31
     31
     31
     30
     30
     29
     29
     29
     28
     28
     28
     27
     27
     27
     26
     26
     26
     25
     25
     25
     24
     24
     24
     23
     23
     23
     22
     22
     22
     21
     21
     21
     21
     20
     20
     20
     19
     19
     19
     19
     18
     18
     18
     18
     17
     17
     17
     17
     16
     16
     16
     16
     15
     15
     15
     15
     14
     14
     14
     14
     14
     13
     13
     13
     13
     13
     12
     12
     12
     12
     12
     11
     11
     11
     11
     11
     10
     10
     10
     10
     10
     10
      9
      9
    253
