    129
      9
     10
     10
     10
     11
     11
     12
     12
     12
     13
     13
     14
     14
     14
     15
     15
     16
     16
     17
     17
     18
     18
     19
     19
     20
     21
     21
     22
     22
     23
     24
     24
     25
     26
     26
     27
     28
     28
     29
     30
     31
     31
     32
     33
     34
     35
     35
     36
     37
     38
     39
     40
     41
     42
     43
     44
     45
     46
     47
     48
     49
     50
     51
     52
     53
     54
     56
     57
     58
     59
     60
     62
     63
     64
     66
     67
     68
     70
     71
     73
     74
     76
     77
     79
     80
     82
     83
     85
     87
     88
     90
     92
     94
     95
     97
     99
    101
    103
    105
    106
    108
    110
    112
    114
    117
    119
    121
    123
    125
    127
    130
    132
    134
    137
    139
    141
    144
    146
    149
    151
    154
    156
    159
    162
    164
    167
    170
    173
    176
    178
    181
    184
    187
    190
    193
    197
    200
    203
    206
    209
    213
    216
    219
    223
    226
    230
    233
    237
    241
    244
    248
    252
    255
    259
    263
    267
    271
    275
    279
    283
    288
    292
    296
    300
    305
    309
    314
    318
    323
    327
    332
    337
    341
    346
    351
    356
    361
    366
    371
    376
    382
    387
    392
    398
    403
    408
    414
    420
    425
    431
    437
    443
    448
    454
    460
    467
    473
    479
    485
    492
    498
    504
    511
    517
    524
    531
    538
    545
    551
    558
    565
    573
    580
    587
    594
    602
    609
    617
    624
    632
    640
    648
    656
    664
    672
    680
    688
    696
    705
    713
    722
    730
    739
    748
    757
    766
    775
    784
    793
    802
    811
    821
    830
    840
    849
    859
    869
    879
    889
    899
    909
    920
    930
    940
    951
    961
    972
    983
    994
   1005
   1016
   1027
   1038
   1050
   1061
   1073
   1084
   1096
   1108
   1120
   1132
   1144
   1156
   1169
   1181
   1194
   1206
   1219
   1232
   1245
   1258
   1271
   1284
   1297
   1311
   1324
   1338
   1352
   1366
   1380
   1394
   1408
   1422
   1437
   1451
   1466
   1481
   1495
   1510
   1525
   1541
   1556
   1571
   1587
   1602
   1618
   1634
   1650
   1666
   1682
   1699
   1715
   1732
   1748
   1765
   1782
   1799
   1816
   1834
   1851
   1869
   1886
   1904
   1922
   1940
   1958
   1976
   1995
   2013
   2032
   2051
   2070
   2089
   2108
   2127
   2147
   2166
   2186
   2206
   2225
   2246
   2266
   2286
   2307
   2327
   2348
   2369
   2390
   2411
   2432
   2454
   2475
   2497
   2519
   2541
   2563
   2585
   2607
   2630
   2652
   2675
   2698
   2721
   2744
   2768
   2791
   2815
   2839
   2863
   2887
   2911
   2935
   2960
   2984
   3009
   3034
   3059
   3084
   3110
   3135
   3161
   3187
   3213
   3239
   3265
   3291
   3318
   3345
   3372
   3399
   3426
   3453
   3481
   3508
   3536
   3564
   3592
   3620
   3649
   3677
   3706
   3735
   3764
   3793
   3822
   3852
   3881
   3911
   3941
   3971
   4001
   4032
   4062
   4093
   4124
   4155
   4186
   4217
   4249
   4281
   4313
   4345
   4377
   4409
   4441
   4474
   4507
   4540
   4573
   4606
   4640
   4673
   4707
   4741
   4775
   4809
   4844
   4878
   4913
   4948
   4983
   5018
   5054
   5089
   5125
   5161
   5197
   5233
   5270
   5306
   5343
   5380
   5417
   5454
   5491
   5529
   5567
   5605
   5643
   5681
   5719
   5758
   5796
   5835
   5874
   5913
   5953
   5992
   6032
   6072
   6112
   6152
   6192
   6233
   6274
   6314
   6355
   6397
   6438
   6479
   6521
   6563
   6605
   6647
   6690
   6732
   6775
   6817
   6860
   6904
   6947
   6990
   7034
   7078
   7122
   7166
   7210
   7255
   7299
   7344
   7389
   7434
   7480
   7525
   7571
   7616
   7662
   7708
   7755
   7801
   7848
   7894
   7941
   7988
   8036
   8083
   8130
   8178
   8226
   8274
   8322
   8371
   8419
   8468
   8516
   8565
   8615
   8664
   8713
   8763
   8813
   8862
   8912
   8963
   9013
   9063
   9114
   9165
   9216
   9267
   9318
   9370
   9421
   9473
   9525
   9577
   9629
   9681
   9734
   9786
   9839
   9892
   9945
   9998
  10052
  10105
  10159
  10212
  10266
  10320
  10375
  10429
  10483
  10538
  10593
  10648
  10703
  10758
  10813
  10869
  10924
  10980
  11036
  11092
  11148
  11204
  11260
  11317
  11373
  11430
  11487
  11544
  11601
  11659
  11716
  11773
  11831
  11889
  11947
  12005
  12063
  12121
  12180
  12238
  12297
  12355
  12414
  12473
  12532
  12592
  12651
  12710
  12770
  12830
  12889
  12949
  13009
  13069
  13130
  13190
  13250
  13311
  13371
  13432
  13493
  13554
  13615
  13676
  13737
  13799
  13860
  13922
  13983
  14045
  14107
  14169
  14231
  14293
  14355
  14417
  14480
  14542
  14605
  14667
  14730
  14793
  14855
  14918
  14981
  15045
  15108
  15171
  15234
  15298
  15361
  15425
  15488
  15552
  15616
  15680
  15743
  15807
  15871
  15935
  16000
  16064
  16128
  16192
  16257
  16321
  16386
  16450
  16515
  16579
  16644
  16709
  16774
  16839
  16903
  16968
  17033
  17098
  17163
  17229
  17294
  17359
  17424
  17489
  17555
  17620
  17685
  17751
  17816
  17881
  17947
  18012
  18078
  18143
  18209
  18275
  18340
  18406
  18471
  18537
  18603
  18668
  18734
  18800
  18865
  18931
  18997
  19063
  19128
  19194
  19260
  19325
  19391
  19457
  19523
  19588
  19654
  19720
  19785
  19851
  19917
  19982
  20048
  20113
  20179
  20244
  20310
  20376
  20441
  20506
  20572
  20637
  20703
  20768
  20833
  20899
  20964
  21029
  21094
  21159
  21224
  21289
  21354
  21419
  21484
  21549
  21614
  21679
  21743
  21808
  21873
  21937
  22002
  22066
  22130
  22195
  22259
  22323
  22387
  22451
  22515
  22579
  22643
  22707
  22770
  22834
  22897
  22961
  23024
  23087
  23150
  23214
  23277
  23339
  23402
  23465
  23528
  23590
  23653
  23715
  23777
  23839
  23901
  23963
  24025
  24087
  24148
  24210
  24271
  24333
  24394
  24455
  24516
  24577
  24637
  24698
  24758
  24819
  24879
  24939
  24999
  25059
  25118
  25178
  25237
  25296
  25356
  25415
  25473
  25532
  25591
  25649
  25707
  25766
  25823
  25881
  25939
  25997
  26054
  26111
  26168
  26225
  26282
  26338
  26395
  26451
  26507
  26563
  26619
  26674
  26730
  26785
  26840
  26895
  26949
  27004
  27058
  27112
  27166
  27220
  27274
  27327
  27380
  27433
  27486
  27539
  27591
  27644
  27696
  27748
  27799
  27851
  27902
  27953
  28004
  28054
  28105
  28155
  28205
  28255
  28304
  28354
  28403
  28452
  28501
  28549
  28597
  28645
  28693
  28741
  28788
  28835
  28882
  28929
  28976
  29022
  29068
  29114
  29159
  29204
  29250
  29294
  29339
  29383
  29427
  29471
  29515
  29558
  29601
  29644
  29687
  29729
  29771
  29813
  29855
  29896
  29937
  29978
  30019
  30059
  30099
  30139
  30178
  30218
  30257
  30295
  30334
  30372
  30410
  30448
  30485
  30522
  30559
  30595
  30632
  30668
  30703
  30739
  30774
  30809
  30844
  30878
  30912
  30946
  30979
  31012
  31045
  31078
  31110
  31142
  31174
  31206
  31237
  31268
  31298
  31329
  31359
  31388
  31418
  31447
  31476
  31504
  31532
  31560
  31588
  31615
  31642
  31669
  31695
  31721
  31747
  31772
  31798
  31822
  31847
  31871
  31895
  31919
  31942
  31965
  31988
  32010
  32032
  32054
  32075
  32096
  32117
  32137
  32158
  32177
  32197
  32216
  32235
  32253
  32272
  32290
  32307
  32324
  32341
  32358
  32374
  32390
  32406
  32421
  32436
  32451
  32465
  32479
  32493
  32506
  32519
  32532
  32544
  32556
  32568
  32579
  32590
  32601
  32611
  32621
  32631
  32640
  32649
  32658
  32666
  32674
  32682
  32689
  32697
  32703
  32710
  32716
  32721
  32727
  32732
  32736
  32741
  32745
  32749
  32752
  32755
  32758
  32760
  32762
  32764
  32765
  32766
  32767
  32767
  32767
  32767
  32766
  32765
  32764
  32762
  32760
  32758
  32755
  32752
  32749
  32745
  32741
  32736
  32732
  32727
  32721
  32716
  32710
  32703
  32697
  32689
  32682
  32674
  32666
  32658
  32649
  32640
  32631
  32621
  32611
  32601
  32590
  32579
  32568
  32556
  32544
  32532
  32519
  32506
  32493
  32479
  32465
  32451
  32436
  32421
  32406
  32390
  32374
  32358
  32341
  32324
  32307
  32290
  32272
  32253
  32235
  32216
  32197
  32177
  32158
  32137
  32117
  32096
  32075
  32054
  32032
  32010
  31988
  31965
  31942
  31919
  31895
  31871
  31847
  31822
  31798
  31772
  31747
  31721
  31695
  31669
  31642
  31615
  31588
  31560
  31532
  31504
  31476
  31447
  31418
  31388
  31359
  31329
  31298
  31268
  31237
  31206
  31174
  31142
  31110
  31078
  31045
  31012
  30979
  30946
  30912
  30878
  30844
  30809
  30774
  30739
  30703
  30668
  30632
  30595
  30559
  30522
  30485
  30448
  30410
  30372
  30334
  30295
  30257
  30218
  30178
  30139
  30099
  30059
  30019
  29978
  29937
  29896
  29855
  29813
  29771
  29729
  29687
  29644
  29601
  29558
  29515
  29471
  29427
  29383
  29339
  29294
  29250
  29204
  29159
  29114
  29068
  29022
  28976
  28929
  28882
  28835
  28788
  28741
  28693
  28645
  28597
  28549
  28501
  28452
  28403
  28354
  28304
  28255
  28205
  28155
  28105
  28054
  28004
  27953
  27902
  27851
  27799
  27748
  27696
  27644
  27591
  27539
  27486
  27433
  27380
  27327
  27274
  27220
  27166
  27112
  27058
  27004
  26949
  26895
  26840
  26785
  26730
  26674
  26619
  26563
  26507
  26451
  26395
  26338
  26282
  26225
  26168
  26111
  26054
  25997
  25939
  25881
  25823
  25766
  25707
  25649
  25591
  25532
  25473
  25415
  25356
  25296
  25237
  25178
  25118
  25059
  24999
  24939
  24879
  24819
  24758
  24698
  24637
  24577
  24516
  24455
  24394
  24333
  24271
  24210
  24148
  24087
  24025
  23963
  23901
  23839
  23777
  23715
  23653
  23590
  23528
  23465
  23402
  23339
  23277
  23214
  23150
  23087
  23024
  22961
  22897
  22834
  22770
  22707
  22643
  22579
  22515
  22451
  22387
  22323
  22259
  22195
  22130
  22066
  22002
  21937
  21873
  21808
  21743
  21679
  21614
  21549
  21484
  21419
  21354
  21289
  21224
  21159
  21094
  21029
  20964
  20899
  20833
  20768
  20703
  20637
  20572
  20506
  20441
  20376
  20310
  20244
  20179
  20113
  20048
  19982
  19917
  19851
  19785
  19720
  19654
  19588
  19523
  19457
  19391
  19325
  19260
  19194
  19128
  19063
  18997
  18931
  18865
  18800
  18734
  18668
  18603
  18537
  18471
  18406
  18340
  18275
  18209
  18143
  18078
  18012
  17947
  17881
  17816
  17751
  17685
  17620
  17555
  17489
  17424
  17359
  17294
  17229
  17163
  17098
  17033
  16968
  16903
  16839
  16774
  16709
  16644
  16579
  16515
  16450
  16386
  16321
  16257
  16192
  16128
  16064
  16000
  15935
  15871
  15807
  15743
  15680
  15616
  15552
  15488
  15425
  15361
  15298
  15234
  15171
  15108
  15045
  14981
  14918
  14855
  14793
  14730
  14667
  14605
  14542
  14480
  14417
  14355
  14293
  14231
  14169
  14107
  14045
  13983
  13922
  13860
  13799
  13737
  13676
  13615
  13554
  13493
  13432
  13371
  13311
  13250
  13190
  13130
  13069
  13009
  12949
  12889
  12830
  12770
  12710
  12651
  12592
  12532
  12473
  12414
  12355
  12297
  12238
  12180
  12121
  12063
  12005
  11947
  11889
  11831
  11773
  11716
  11659
  11601
  11544
  11487
  11430
  11373
  11317
  11260
  11204
  11148
  11092
  11036
  10980
  10924
  10869
  10813
  10758
  10703
  10648
  10593
  10538
  10483
  10429
  10375
  10320
  10266
  10212
  10159
  10105
  10052
   9998
   9945
   9892
   9839
   9786
   9734
   9681
   9629
   9577
   9525
   9473
   9421
   9370
   9318
   9267
   9216
   9165
   9114
   9063
   9013
   8963
   8912
   8862
   8813
   8763
   8713
   8664
   8615
   8565
   8516
   8468
   8419
   8371
   8322
   8274
   8226
   8178
   8130
   8083
   8036
   7988
   7941
   7894
   7848
   7801
   7755
   7708
   7662
   7616
   7571
   7525
   7480
   7434
   7389
   7344
   7299
   7255
   7210
   7166
   7122
   7078
   7034
   6990
   6947
   6904
   6860
   6817
   6775
   6732
   6690
   6647
   6605
   6563
   6521
   6479
   6438
   6397
   6355
   6314
   6274
   6233
   6192
   6152
   6112
   6072
   6032
   5992
   5953
   5913
   5874
   5835
   5796
   5758
   5719
   5681
   5643
   5605
   5567
   5529
   5491
   5454
   5417
   5380
   5343
   5306
   5270
   5233
   5197
   5161
   5125
   5089
   5054
   5018
   4983
   4948
   4913
   4878
   4844
   4809
   4775
   4741
   4707
   4673
   4640
   4606
   4573
   4540
   4507
   4474
   4441
   4409
   4377
   4345
   4313
   4281
   4249
   4217
   4186
   4155
   4124
   4093
   4062
   4032
   4001
   3971
   3941
   3911
   3881
   3852
   3822
   3793
   3764
   3735
   3706
   3677
   3649
   3620
   3592
   3564
   3536
   3508
   3481
   3453
   3426
   3399
   3372
   3345
   3318
   3291
   3265
   3239
   3213
   3187
   3161
   3135
   3110
   3084
   3059
   3034
   3009
   2984
   2960
   2935
   2911
   2887
   2863
   2839
   2815
   2791
   2768
   2744
   2721
   2698
   2675
   2652
   2630
   2607
   2585
   2563
   2541
   2519
   2497
   2475
   2454
   2432
   2411
   2390
   2369
   2348
   2327
   2307
   2286
   2266
   2246
   2225
   2206
   2186
   2166
   2147
   2127
   2108
   2089
   2070
   2051
   2032
   2013
   1995
   1976
   1958
   1940
   1922
   1904
   1886
   1869
   1851
   1834
   1816
   1799
   1782
   1765
   1748
   1732
   1715
   1699
   1682
   1666
   1650
   1634
   1618
   1602
   1587
   1571
   1556
   1541
   1525
   1510
   1495
   1481
   1466
   1451
   1437
   1422
   1408
   1394
   1380
   1366
   1352
   1338
   1324
   1311
   1297
   1284
   1271
   1258
   1245
   1232
   1219
   1206
   1194
   1181
   1169
   1156
   1144
   1132
   1120
   1108
   1096
   1084
   1073
   1061
   1050
   1038
   1027
   1016
   1005
    994
    983
    972
    961
    951
    940
    930
    920
    909
    899
    889
    879
    869
    859
    849
    840
    830
    821
    811
    802
    793
    784
    775
    766
    757
    748
    739
    730
    722
    713
    705
    696
    688
    680
    672
    664
    656
    648
    640
    632
    624
    617
    609
    602
    594
    587
    580
    573
    565
    558
    551
    545
    538
    531
    524
    517
    511
    504
    498
    492
    485
    479
    473
    467
    460
    454
    448
    443
    437
    431
    425
    420
    414
    408
    403
    398
    392
    387
    382
    376
    371
    366
    361
    356
    351
    346
    341
    337
    332
    327
    323
    318
    314
    309
    305
    300
    296
    292
    288
    283
    279
    275
    271
    267
    263
    259
    255
    252
    248
    244
    241
    237
    233
    230
    226
    223
    219
    216
    213
    209
    206
    203
    200
    197
    193
    190
    187
    184
    181
    178
    176
    173
    170
    167
    164
    162
    159
    156
    154
    151
    149
    146
    144
    141
    139
    137
    134
    132
    130
    127
    125
    123
    121
    119
    117
    114
    112
    110
    108
    106
    105
    103
    101
     99
     97
     95
     94
     92
     90
     88
     87
     85
     83
     82
     80
     79
     77
     76
     74
     73
     71
     70
     68
     67
     66
     64
     63
     62
     60
     59
     58
     57
     56
     54
     53
     52
     51
     50
     49
     48
     47
     46
     45
     44
     43
     42
     41
     40
     39
     38
     37
     36
     35
     35
     34
     33
     32
     31
     31
     30
     29
     28
     28
     27
     26
     26
     25
     24
     24
     23
     22
     22
     21
     21
     20
     19
     19
     18
     18
     17
     17
     16
     16
     15
     15
     14
     14
     14
     13
     13
     12
     12
     12
     11
     11
     10
     10
     10
      9
    129
